4 2 0.5 -1.5708 1.5708 
4 2 1 0 
4 2 1.5 -0.841069 0.841069 
4 2 2 0 
4 2 2.5 -0.643501 0.643501 
4 2 3 -0.841069 0.841069 
4 2 3.5 -0.962551 0.962551 
4 2 4 1.8695 2.84289 
2 2 0.5 0.785398 3.92699 
2 2 1 0.785398 3.92699 
2 2 1.5 2.01636 2.69603 
2 2 2 1.5708 3.14159 
2 2 2.5 1.7986 2.91379 
2 2 3 1.5708 3.14159 
2 2 3.5 1.43654 3.27585 
2 2 4 1.34439 3.368 
1 4 0.5 0.785398 3.92699 
1 4 1 0.785398 3.92699 
1 4 1.5 0.785398 3.92699 
1 4 2 0.785398 3.92699 
1 4 2.5 0.785398 3.92699 
1 4 3 0.785398 3.92699 
1 4 3.5 0.785398 3.92699 
1 4 4 0.785398 3.92699 
