-0.0157654 -0.168492 1
0.760072 -0.0747902 1
1.00175 -0.0269287 1
1.60992 0.0809191 1
2.40708 -0.195834 1
2.8202 0.0974863 1
3.65178 -0.1805 1
4.1347 0.165407 1
4.79961 -0.136773 1
5.45613 0.149254 1
6.11048 0.110346 1
6.78877 0.198058 1
7.15995 0.00287223 1
7.67374 -0.0158698 1
8.47617 -0.166434 1
8.93664 -0.0513608 1
9.57978 0.192604 1
10.0886 0.169831 1
10.7456 0.0109723 1
11.4107 0.0546512 1
12.123 -0.0641915 1
12.5333 -0.102311 1
13.2578 -0.130026 1
13.6467 0.0126109 1
14.3521 -0.0916708 1
15.0895 -0.0031873 1
15.6311 0.158247 1
16.257 -0.00750276 1
16.701 -0.0555945 1
17.4232 0.144891 1
17.9754 -0.0803837 1
18.7916 -0.00211838 1
19.1963 -0.163823 1
19.6328 -0.187656 1
20.4688 0.0388501 1
21.1542 0.195071 1
21.7567 -0.0920125 1
22.1462 -0.00932898 1
22.808 0.044676 1
23.4689 0.0577002 1
24.1669 -0.168696 1
24.5185 0.0668704 1
25.0905 0.162539 1
25.9877 -0.0826809 1
26.3817 0.17502 1
26.9581 0.156899 1
27.4074 -0.0291519 1
28.2448 0.0595778 1
28.9236 0.157649 1
29.4045 0.111898 1
29.8718 0.183977 1
30.7024 -0.130984 1
31.3439 0.192585 1
31.7837 0.194216 1
32.5937 -0.0297267 1
32.9827 -0.169077 1
33.5282 -0.0319183 1
34.1494 -0.103257 1
34.9645 -0.0831505 1
35.4902 0.0767886 1
36.1861 0.155118 1
36.4679 0.118588 1
37.1044 -0.0410102 1
37.7414 -0.0264491 1
38.2693 0.149015 1
39.0997 -0.0494831 1
39.5383 0.0987914 1
-0.0137836 0.538989 1
0.794542 0.66886 1
1.33395 0.660691 1
1.84059 0.471512 1
2.4984 0.478437 1
3.09001 0.559273 1
3.49462 0.733802 1
4.20566 0.520138 1
4.95369 0.422741 1
5.41548 0.795934 1
5.86534 0.52241 1
6.54629 0.608272 1
7.02726 0.486299 1
7.63002 0.586932 1
8.36533 0.69485 1
9.15134 0.523807 1
9.42635 0.472927 1
10.0799 0.620846 1
10.753 0.546521 1
11.3722 0.738497 1
12.1147 0.41804 1
12.7995 0.765695 1
13.2284 0.784054 1
13.6018 0.76183 1
14.2732 0.639388 1
14.9971 0.512086 1
15.6231 0.563756 1
16.2477 0.553665 1
16.8442 0.790671 1
17.2019 0.765966 1
18.1859 0.521148 1
18.5379 0.775853 1
19.153 0.704444 1
19.9943 0.44493 1
20.5405 0.408463 1
21.0455 0.450778 1
21.6322 0.69865 1
22.2089 0.42015 1
22.8645 0.590528 1
23.4069 0.482342 1
24.1255 0.484488 1
24.7848 0.468032 1
25.2136 0.589658 1
25.9764 0.572256 1
26.5057 0.415132 1
27.1175 0.480204 1
27.7914 0.505867 1
28.0986 0.462776 1
28.8775 0.689951 1
29.2035 0.605478 1
30.0737 0.732728 1
30.5623 0.76893 1
31.2143 0.639977 1
31.6996 0.612973 1
32.4409 0.686897 1
33.0696 0.646028 1
33.5879 0.640451 1
34.0603 0.410482 1
34.7684 0.722764 1
35.4977 0.672663 1
36.0403 0.448228 1
36.5662 0.427534 1
37.3687 0.741909 1
37.6682 0.551237 1
38.448 0.791921 1
39.0214 0.739255 1
39.659 0.606119 1
0.0379771 1.08101 1
0.414813 1.1543 1
1.04351 1.10084 1
1.96152 1.11035 1
2.47499 1.14987 1
2.86378 1.35138 1
3.7704 1.05749 1
4.16671 1.28615 1
4.74515 1.26027 1
5.22217 1.20277 1
5.8338 1.05077 1
6.53248 1.118 1
7.0635 1.06557 1
7.61326 1.13674 1
8.37626 1.07266 1
8.81352 1.08884 1
9.66734 1.38695 1
10.3293 1.33354 1
10.7544 1.21359 1
11.4357 1.29405 1
11.9016 1.10904 1
12.7151 1.10087 1
13.2023 1.31921 1
13.8343 1.05575 1
14.419 1.15438 1
15.1459 1.15741 1
15.413 1.19272 1
16.1884 1.05729 1
16.9999 1.13953 1
17.4297 1.27884 1
17.9071 1.03933 1
18.6303 1.2545 1
19.2309 1.13701 1
19.9126 1.2685 1
20.4816 1.1956 1
21.079 1.34845 1
21.4238 1.05846 1
22.0958 1.37932 1
22.6768 1.25046 1
23.4975 1.06489 1
24.055 1.38634 1
24.7506 1.3573 1
25.3806 1.08715 1
25.8745 1.32747 1
26.3656 1.01936 1
26.9584 1.10464 1
27.6624 1.27405 1
28.3792 1.03426 1
28.8101 1.231 1
29.2362 1.31569 1
30.0844 1.03312 1
30.6629 1.2957 1
31.1841 1.1995 1
31.8545 1.3576 1
32.3458 1.36424 1
32.9231 1.3953 1
33.6743 1.0946 1
34.3732 1.30223 1
34.9336 1.30599 1
35.5478 1.03893 1
36.0365 1.39382 1
36.5592 1.21927 1
37.0927 1.34413 1
37.8003 1.18866 1
38.5389 1.21606 1
38.9366 1.02815 1
39.7907 1.01626 1
-0.179793 1.61747 1
0.483915 1.95582 1
1.19161 1.92648 1
1.90669 1.71365 1
2.26688 1.97831 1
3.07421 1.8574 1
3.46505 1.69397 1
4.19189 1.83389 1
4.81335 1.70957 1
5.49861 1.85559 1
5.90835 1.90961 1
6.42959 1.71131 1
7.39657 1.92366 1
7.79612 1.74311 1
8.57313 1.62399 1
8.81628 1.64652 1
9.74387 1.81703 1
10.3458 1.88856 1
10.8713 1.72102 1
11.2325 1.90069 1
11.9697 1.99938 1
12.706 1.60938 1
13.106 1.95407 1
13.6628 1.8626 1
14.4452 1.71593 1
14.886 1.80435 1
15.5928 1.96528 1
16.0481 1.99943 1
16.988 1.70765 1
17.2168 1.8901 1
17.8781 1.81256 1
18.4981 1.88334 1
19.104 1.79822 1
19.8633 1.75935 1
20.313 1.82097 1
21.0288 1.67192 1
21.6786 1.86337 1
22.0084 1.62578 1
22.6995 1.66919 1
23.2293 1.70248 1
24.118 1.78949 1
24.4091 1.84175 1
25.2907 1.93 1
25.9797 1.96292 1
26.2409 1.60053 1
26.9501 1.9413 1
27.5837 1.95399 1
28.2457 1.67314 1
28.6962 1.68693 1
29.3616 1.92724 1
30.0806 1.94563 1
30.663 1.87839 1
31.1271 1.60846 1
31.7188 1.95953 1
32.4439 1.63419 1
33.0845 1.982 1
33.6922 1.95448 1
34.1789 1.84845 1
34.6191 1.60139 1
35.4053 1.71047 1
36.1062 1.94157 1
36.7041 1.88627 1
37.1991 1.78478 1
37.9807 1.75994 1
38.2545 1.61205 1
38.9027 1.90275 1
39.7405 1.6953 1
-0.0549199 2.56166 1
0.789312 2.56352 1
1.06364 2.59569 1
1.64324 2.49586 1
2.37928 2.58361 1
3.00657 2.36951 1
3.63022 2.27555 1
4.20191 2.48666 1
4.94428 2.53177 1
5.30715 2.29834 1
5.86891 2.40441 1
6.67764 2.52238 1
7.18129 2.41642 1
7.82568 2.45809 1
8.24349 2.3919 1
9.18626 2.44362 1
9.53622 2.48283 1
10.3813 2.29338 1
10.793 2.23944 1
11.3255 2.37174 1
11.8955 2.20182 1
12.5089 2.43681 1
13.0365 2.23153 1
13.8512 2.41524 1
14.5063 2.25722 1
14.8725 2.43715 1
15.5539 2.34236 1
16.2162 2.42995 1
16.6087 2.46194 1
17.2513 2.56495 1
17.8441 2.23914 1
18.6025 2.50331 1
19.0525 2.48116 1
19.8651 2.4947 1
20.4775 2.40743 1
21.0513 2.47003 1
21.7494 2.44956 1
22.3143 2.5559 1
22.9299 2.5304 1
23.5101 2.53583 1
24.0252 2.33642 1
24.4471 2.30934 1
25.1353 2.45755 1
25.7869 2.41022 1
26.4904 2.49898 1
26.974 2.55301 1
27.6477 2.49022 1
28.0458 2.25372 1
28.9972 2.23335 1
29.2953 2.26718 1
30.096 2.41264 1
30.7022 2.40438 1
31.1347 2.36725 1
31.7154 2.23871 1
32.4182 2.29591 1
33.1515 2.55948 1
33.6057 2.28478 1
34.1097 2.28367 1
34.859 2.27395 1
35.3242 2.20635 1
36.1396 2.31469 1
36.4648 2.26169 1
37.0699 2.39195 1
37.7353 2.55797 1
38.5309 2.24745 1
39.0972 2.22156 1
39.7667 2.56037 1
0.192474 3.11067 1
0.697222 3.00779 1
1.36956 2.80944 1
1.9302 2.84133 1
2.42013 2.88806 1
2.82799 2.86673 1
3.72079 3.07212 1
4.35484 2.95519 1
4.79793 2.98121 1
5.56095 2.89061 1
5.83408 3.095 1
6.45565 2.85879 1
7.13753 2.99328 1
7.65852 3.16954 1
8.25863 2.92254 1
9.08164 3.13623 1
9.69009 3.13867 1
10.0824 2.87408 1
10.8749 2.95884 1
11.5979 2.85517 1
12.1934 3.05918 1
12.4621 2.91697 1
13.2896 2.98291 1
13.7756 3.12086 1
14.501 2.93434 1
14.9737 3.05666 1
15.5224 2.9938 1
16.3916 3.04182 1
16.8843 3.07376 1
17.5608 2.9953 1
17.8509 3.19154 1
18.6375 2.82854 1
19.1088 3.01081 1
19.868 3.11065 1
20.4155 3.16248 1
20.9239 2.975 1
21.4839 2.81449 1
22.3041 2.94846 1
22.915 2.96307 1
23.5601 3.06239 1
24.1872 2.80669 1
24.4708 3.13235 1
25.1525 3.0149 1
25.7935 2.90075 1
26.355 2.92829 1
27.0201 3.10006 1
27.7325 3.12016 1
28.1942 2.96376 1
28.8924 2.88705 1
29.4528 3.06638 1
30.116 3.1105 1
30.6295 3.11023 1
31.3921 3.04617 1
31.7032 3.1797 1
32.5389 3.06551 1
32.8279 2.80845 1
33.777 2.8105 1
34.089 3.19456 1
34.8208 2.96705 1
35.5567 2.95509 1
35.9584 3.05643 1
36.6818 3.02333 1
37.3075 2.9468 1
37.7096 3.04534 1
38.488 2.81362 1
38.8277 3.16386 1
39.5368 3.08664 1
-0.188747 3.73581 1
0.789482 3.41793 1
1.15743 3.65311 1
1.63513 3.47094 1
2.56063 3.76432 1
3.04528 3.45262 1
3.40609 3.67945 1
4.28676 3.44099 1
4.78763 3.70961 1
5.2785 3.62249 1
5.92983 3.48699 1
6.79135 3.63802 1
7.00198 3.52847 1
7.61882 3.67712 1
8.23185 3.56935 1
9.07922 3.76425 1
9.40649 3.74723 1
10.3162 3.41436 1
10.7176 3.56336 1
11.5934 3.73884 1
11.81 3.78216 1
12.6059 3.76746 1
13.2257 3.70945 1
13.6819 3.64557 1
14.298 3.50303 1
15.1793 3.65264 1
15.4998 3.77156 1
16.0079 3.65564 1
16.6617 3.77925 1
17.2912 3.42263 1
18.1315 3.67219 1
18.6544 3.44611 1
19.23 3.44052 1
19.8661 3.4432 1
20.2709 3.4869 1
20.8986 3.59353 1
21.7056 3.73919 1
22.3629 3.45427 1
22.6687 3.71654 1
23.2909 3.70984 1
24.1155 3.68589 1
24.4929 3.5172 1
25.2441 3.68113 1
25.6767 3.47302 1
26.203 3.44241 1
26.807 3.63215 1
27.6174 3.47333 1
28.0863 3.55214 1
28.7447 3.52405 1
29.3211 3.61199 1
29.9002 3.45409 1
30.6633 3.60589 1
31.0472 3.65918 1
31.6963 3.75834 1
32.3602 3.46593 1
32.8242 3.60908 1
33.479 3.58614 1
34.1101 3.75197 1
34.9391 3.55791 1
35.2539 3.76983 1
35.8764 3.73293 1
36.7305 3.6025 1
37.2903 3.59801 1
37.6142 3.6035 1
38.3453 3.52437 1
39.0941 3.67092 1
39.4974 3.7111 1
0.0106558 4.09266 1
0.580536 4.26625 1
1.06889 4.15954 1
1.75407 4.30241 1
2.40704 4.04801 1
2.86003 4.12919 1
3.54371 4.15388 1
4.19879 4.26513 1
4.66303 4.21824 1
5.21954 4.00573 1
6.16275 4.29769 1
6.54208 4.30596 1
7.22231 4.29706 1
7.89962 4.19088 1
8.39308 4.27467 1
9.15485 4.31013 1
9.78306 4.05538 1
10.3163 4.21637 1
10.788 4.08431 1
11.4193 4.36904 1
12.1875 4.36741 1
12.6639 4.22146 1
13.1173 4.15599 1
13.6861 4.15174 1
14.4988 4.00173 1
15.025 4.2614 1
15.601 4.31841 1
16.3796 4.06727 1
16.7293 4.18009 1
17.5497 4.07224 1
17.861 4.31471 1
18.5724 4.36523 1
19.0034 4.28349 1
19.7549 4.03503 1
20.5372 4.35196 1
20.9666 4.31768 1
21.4149 4.30438 1
22.0996 4.16005 1
22.886 4.29569 1
23.2692 4.34046 1
23.9819 4.07442 1
24.4014 4.16888 1
25.0211 4.29054 1
25.8334 4.24615 1
26.4831 4.11648 1
26.9567 4.07038 1
27.4593 4.11137 1
28.1743 4.20292 1
28.7376 4.33565 1
29.2006 4.16897 1
30.0367 4.01396 1
30.6398 4.16624 1
31.3127 4.06719 1
31.7186 4.22119 1
32.4952 4.37953 1
33.1039 4.09067 1
33.6761 4.2358 1
34.2908 4.2231 1
34.6165 4.08344 1
35.5363 4.37732 1
36.1448 4.23837 1
36.6629 4.17958 1
37.1316 4.33222 1
37.9708 4.38354 1
38.4046 4.35386 1
38.8716 4.33867 1
39.4489 4.39758 1
-0.111424 4.90319 1
0.580299 4.88502 1
1.28005 4.66129 1
1.61694 4.97913 1
2.20754 4.89637 1
3.10866 4.97989 1
3.72795 4.84127 1
4.19128 4.71458 1
4.81018 4.7625 1
5.48563 4.80403 1
6.13545 4.94992 1
6.64343 4.76168 1
7.11475 4.74152 1
7.69303 4.89375 1
8.46395 4.81296 1
9.1791 4.6005 1
9.77386 4.78258 1
10.1369 4.74325 1
10.6367 4.85725 1
11.5753 4.61927 1
12.1066 4.60278 1
12.7818 4.62496 1
13.2959 4.76795 1
13.8903 4.64066 1
14.3681 4.90513 1
15.1092 4.7194 1
15.7883 4.61068 1
16.3149 4.84928 1
16.6492 4.95329 1
17.4027 4.60939 1
17.9759 4.68129 1
18.6139 4.64135 1
19.2304 4.6463 1
19.7567 4.92318 1
20.3663 4.62509 1
20.8148 4.9721 1
21.6438 4.60894 1
22.1865 4.68906 1
22.7051 4.7512 1
23.2932 4.93105 1
24.1198 4.72912 1
24.5536 4.81289 1
25.1064 4.67341 1
25.8017 4.84511 1
26.22 4.73442 1
26.8452 4.84452 1
27.7948 4.88932 1
28.2517 4.77153 1
28.6743 4.93 1
29.5801 4.62381 1
29.9503 4.71802 1
30.7589 4.62784 1
31.3805 4.82732 1
31.7429 4.66819 1
32.2655 4.95871 1
32.8309 4.83562 1
33.4317 4.98508 1
34.1104 4.90333 1
34.6916 4.69815 1
35.564 4.86939 1
36.1555 4.79429 1
36.593 4.86847 1
37.1687 4.65081 1
37.9421 4.75417 1
38.4688 4.67472 1
39.0927 4.93051 1
39.5379 4.6601 1
-0.17427 5.24013 1
0.504358 5.55147 1
1.01723 5.59671 1
1.94533 5.59729 1
2.26656 5.51501 1
2.80677 5.33114 1
3.79867 5.25157 1
4.29982 5.53431 1
4.98879 5.57055 1
5.47466 5.48706 1
6.03504 5.53424 1
6.79485 5.51267 1
7.16707 5.52522 1
7.90123 5.49728 1
8.20693 5.59929 1
9.19833 5.5068 1
9.7855 5.47536 1
10.3167 5.52702 1
10.8762 5.45915 1
11.4677 5.4955 1
12.1856 5.35653 1
12.4218 5.55891 1
13.2317 5.203 1
13.6572 5.29611 1
14.3203 5.59024 1
15.1651 5.41449 1
15.4656 5.451 1
16.1812 5.54577 1
16.8125 5.56423 1
17.2807 5.31342 1
18.0531 5.30861 1
18.5388 5.56693 1
19.2131 5.5714 1
19.6703 5.27364 1
20.294 5.41729 1
21.1441 5.38951 1
21.7458 5.55524 1
22.1384 5.20906 1
22.8655 5.44987 1
23.5567 5.57529 1
24.0967 5.55131 1
24.5033 5.46961 1
25.1721 5.40682 1
25.6799 5.22488 1
26.4135 5.51245 1
26.882 5.5789 1
27.6106 5.2646 1
28.209 5.30298 1
28.6338 5.46786 1
29.4839 5.21265 1
30.0761 5.2428 1
30.5867 5.42879 1
31.0216 5.42878 1
31.945 5.43168 1
32.4757 5.39727 1
33.1237 5.24959 1
33.6134 5.57865 1
34.3167 5.25683 1
34.8916 5.59384 1
35.338 5.57437 1
35.8128 5.24512 1
36.6657 5.48911 1
37.2865 5.58382 1
37.9998 5.30309 1
38.4253 5.44633 1
38.8668 5.44591 1
39.6409 5.56397 1
-0.0936069 5.94948 1
0.757848 6.14531 1
1.05798 5.92468 1
1.89963 6.10549 1
2.52722 6.15452 1
2.86046 5.92734 1
3.64622 5.9391 1
4.26808 5.8895 1
4.88306 5.98193 1
5.33713 6.16079 1
6.03381 5.81682 1
6.76973 6.19612 1
7.04335 5.98805 1
7.67032 6.08236 1
8.24896 5.9045 1
9.1927 5.85241 1
9.52451 5.9787 1
10.2457 5.82905 1
10.8034 5.99007 1
11.3681 5.82391 1
12.0934 5.90897 1
12.5718 6.01831 1
13.2734 6.04213 1
13.8822 6.07484 1
14.2176 5.81274 1
14.9068 6.03447 1
15.7688 6.05788 1
16.243 6.10663 1
16.9455 6.03202 1
17.591 5.91905 1
17.8977 5.86337 1
18.5997 6.14023 1
19.1816 5.80661 1
19.889 5.86231 1
20.3127 6.08297 1
21.0198 5.86815 1
21.6587 5.91862 1
22.3942 5.90439 1
22.6601 6.08978 1
23.4709 6.13319 1
24.0483 5.811 1
24.4129 6.1239 1
25.1025 6.07284 1
25.9778 5.91548 1
26.2455 6.13345 1
27.0925 5.80707 1
27.4063 5.91861 1
28.2438 6.08471 1
28.9572 5.80268 1
29.4681 6.1638 1
30.1142 5.83278 1
30.54 6.16072 1
31.1402 6.1989 1
31.8772 6.03312 1
32.2122 5.86206 1
32.9598 5.89104 1
33.5046 5.98512 1
34.1013 6.15911 1
34.9244 6.0237 1
35.279 5.94349 1
35.864 5.97227 1
36.562 6.00416 1
37.0716 5.82088 1
37.8004 6.03097 1
38.4405 5.83834 1
39.1893 5.9174 1
39.7159 5.82176 1
-0.00265099 6.44489 1
0.438374 6.54334 1
1.3405 6.72786 1
1.9819 6.65562 1
2.40361 6.42084 1
3.13438 6.69166 1
3.70735 6.46097 1
4.37943 6.70239 1
4.84969 6.59045 1
5.22775 6.71455 1
6.03097 6.74018 1
6.59807 6.5168 1
7.2043 6.46225 1
7.77488 6.47748 1
8.4822 6.57661 1
9.14798 6.43077 1
9.74681 6.40712 1
10.0011 6.65453 1
10.8845 6.65675 1
11.5881 6.49631 1
12.0182 6.71971 1
12.5097 6.66126 1
13.1566 6.5632 1
13.6626 6.52118 1
14.4987 6.79467 1
14.8483 6.64058 1
15.5994 6.56089 1
16.1083 6.42644 1
16.9997 6.73472 1
17.2183 6.538 1
18.0447 6.76822 1
18.6963 6.60142 1
19.1195 6.559 1
19.918 6.61312 1
20.5657 6.79827 1
20.9645 6.64627 1
21.6035 6.77463 1
22.0041 6.74051 1
22.7626 6.44201 1
23.2951 6.45642 1
24.12 6.72172 1
24.6608 6.60495 1
25.1077 6.60142 1
25.9841 6.47096 1
26.3594 6.6666 1
27.1711 6.52985 1
27.4056 6.71594 1
28.006 6.43079 1
28.9385 6.48387 1
29.2565 6.42747 1
29.9371 6.71436 1
30.6464 6.76157 1
31.0902 6.79466 1
31.8023 6.68175 1
32.3017 6.55265 1
33.103 6.46338 1
33.7992 6.50121 1
34.2151 6.60151 1
34.6404 6.63398 1
35.3316 6.6617 1
35.8064 6.76312 1
36.6082 6.62834 1
37.0781 6.47938 1
37.7104 6.63283 1
38.5117 6.63385 1
39.194 6.46132 1
39.5383 6.75335 1
0.171323 7.03128 1
0.495019 7.18854 1
1.31338 7.20542 1
1.70972 7.08675 1
2.22336 7.26374 1
3.09018 7.21083 1
3.55081 7.24415 1
4.29853 7.12862 1
4.77114 7.02275 1
5.5328 7.19999 1
5.89136 7.27135 1
6.54028 7.09406 1
7.04487 7.13995 1
7.75486 7.00732 1
8.41487 7.15403 1
8.85426 7.37357 1
9.63764 7.09071 1
10.0777 7.01974 1
10.7069 7.1384 1
11.254 7.13616 1
11.9102 7.03327 1
12.7796 7.03884 1
13.0189 7.09087 1
13.9986 7.28932 1
14.3465 7.29288 1
14.8724 7.02413 1
15.785 7.1261 1
16.1529 7.24941 1
16.891 7.16348 1
17.2136 7.38778 1
17.9544 7.02646 1
18.6619 7.36631 1
19.2101 7.01818 1
19.6258 7.02647 1
20.2039 7.19871 1
20.9794 7.21428 1
21.558 7.30819 1
22.0991 7.24695 1
22.6576 7.07402 1
23.3187 7.28234 1
23.9486 7.11589 1
24.5447 7.17613 1
25.2262 7.31205 1
25.7416 7.10039 1
26.3053 7.05959 1
27.0845 7.16919 1
27.7167 7.33456 1
28.1645 7.04173 1
28.6809 7.36419 1
29.3159 7.2826 1
29.9369 7.15308 1
30.7341 7.27658 1
31.1143 7.056 1
31.973 7.26589 1
32.5254 7.17367 1
32.9286 7.02413 1
33.4169 7.24243 1
34.1159 7.19157 1
34.742 7.05421 1
35.4992 7.14118 1
35.8686 7.05184 1
36.4902 7.16181 1
37.3515 7.23091 1
37.6851 7.16761 1
38.488 7.39808 1
38.8551 7.0504 1
39.5998 7.31673 1
-0.182953 7.71132 1
0.603112 7.71112 1
1.02505 7.88701 1
1.72674 7.73209 1
2.56134 7.8295 1
3.11946 7.9103 1
3.47243 7.70215 1
4.11153 7.70668 1
4.72782 7.91256 1
5.5389 7.96067 1
5.95177 7.62951 1
6.69483 7.63537 1
7.02761 7.62604 1
7.66634 7.78792 1
8.51299 7.64891 1
9.14863 7.74602 1
9.54303 7.81545 1
10.3325 7.93414 1
10.8066 7.85391 1
11.516 7.69041 1
12.1676 7.86313 1
12.4578 7.68631 1
13.2494 7.82252 1
13.8094 7.65957 1
14.5743 7.8008 1
14.9128 7.90949 1
15.4188 7.74925 1
16.357 7.88063 1
16.7195 7.9607 1
17.501 7.65702 1
18.1382 7.78281 1
18.4095 7.89282 1
19.1376 7.89747 1
19.9155 7.64043 1
20.5166 7.65498 1
20.8405 7.85108 1
21.7065 7.89174 1
22.1066 7.66027 1
22.8191 7.82411 1
23.4944 7.70203 1
23.8336 7.79254 1
24.4879 7.70101 1
25.0801 7.64569 1
25.9804 7.78863 1
26.4385 7.78497 1
27.1852 7.68606 1
27.7783 7.92663 1
28.3923 7.70501 1
28.7656 7.84063 1
29.4474 7.68055 1
30.0024 7.68249 1
30.4809 7.69847 1
31.1449 7.97071 1
31.6477 7.63983 1
32.4318 7.81777 1
32.8994 7.78443 1
33.4798 7.60335 1
34.3007 7.63824 1
34.9363 7.6947 1
35.236 7.77854 1
36.1471 7.6634 1
36.7143 7.97041 1
37.1921 7.60621 1
37.8887 7.79357 1
38.4043 7.76984 1
38.8949 7.82075 1
39.4621 7.75478 1
-0.0598683 8.59403 1
0.539977 8.39825 1
1.39132 8.37207 1
1.96823 8.21001 1
2.42456 8.44688 1
2.87774 8.32108 1
3.58943 8.37344 1
4.13024 8.36755 1
4.94303 8.26151 1
5.43238 8.27146 1
5.96265 8.58911 1
6.49078 8.34798 1
7.28644 8.32248 1
7.72553 8.39604 1
8.21478 8.25358 1
8.86629 8.28129 1
9.65992 8.31493 1
10.0166 8.5106 1
10.7854 8.2542 1
11.4144 8.40817 1
12.1383 8.25285 1
12.6768 8.4704 1
13.2513 8.53902 1
13.9162 8.3309 1
14.2731 8.23333 1
15.0442 8.48232 1
15.575 8.33295 1
16.1162 8.50609 1
16.7246 8.51558 1
17.215 8.51673 1
17.9182 8.41093 1
18.6508 8.27235 1
19.335 8.4907 1
19.769 8.52278 1
20.3315 8.34824 1
21.0071 8.26303 1
21.5333 8.33977 1
22.2925 8.57574 1
22.7994 8.41007 1
23.5095 8.48322 1
23.8745 8.22946 1
24.7001 8.34098 1
25.1654 8.27511 1
25.8942 8.55972 1
26.4215 8.5971 1
26.8633 8.40324 1
27.6955 8.2848 1
28.0436 8.49586 1
28.7336 8.50816 1
29.276 8.21966 1
29.8958 8.52907 1
30.699 8.45981 1
31.1967 8.27302 1
31.9618 8.52226 1
32.4961 8.53094 1
32.9045 8.29701 1
33.4058 8.26517 1
34.185 8.55289 1
34.8594 8.58867 1
35.2338 8.23884 1
36.1985 8.44032 1
36.5799 8.32977 1
37.2896 8.24732 1
37.7801 8.54495 1
38.58 8.24703 1
39.1795 8.21152 1
39.7334 8.59942 1
-0.0143078 8.92967 1
0.59682 9.14959 1
1.3139 8.84176 1
1.80664 8.91495 1
2.57474 9.04809 1
2.80062 9.16846 1
3.73496 9.19362 1
4.03165 8.80312 1
4.98239 8.83446 1
5.58019 9.08657 1
5.8171 9.04748 1
6.62718 8.99734 1
7.31923 8.97288 1
7.94877 9.0209 1
8.44331 8.94838 1
8.9449 8.8948 1
9.58119 8.853 1
10.2891 8.97362 1
10.9461 8.91728 1
11.5651 9.00715 1
12.1529 8.83183 1
12.4996 9.06548 1
13.3194 9.12482 1
13.979 9.06029 1
14.4836 9.02797 1
15.1628 9.08248 1
15.4237 8.99274 1
16.2478 9.10484 1
16.8718 9.14885 1
17.5127 8.81832 1
18.118 8.86647 1
18.7929 9.03281 1
19.061 9.06835 1
19.804 8.87801 1
20.5022 9.07619 1
21.0995 8.94884 1
21.7816 8.9759 1
22.0136 8.92039 1
22.8448 8.82399 1
23.5553 9.09331 1
23.8008 9.1671 1
24.6201 9.07234 1
25.3819 8.88034 1
25.8307 9.18181 1
26.4226 9.0235 1
26.8098 8.83093 1
27.6537 8.90837 1
28.0937 9.12452 1
28.7709 8.88227 1
29.5402 8.99202 1
29.8207 9.18673 1
30.5926 8.93197 1
31.3494 9.09461 1
31.8458 8.82013 1
32.5201 8.93862 1
33.0391 9.12464 1
33.5705 8.96653 1
34.1394 9.1473 1
34.8959 8.89408 1
35.584 9.13539 1
35.8447 9.03484 1
36.4848 8.8935 1
37.1916 8.93948 1
37.9095 9.00327 1
38.5897 8.96997 1
39.0973 9.01709 1
39.6536 9.10494 1
0.155305 9.41108 1
0.546608 9.44668 1
1.12117 9.52604 1
1.93445 9.76351 1
2.45023 9.77067 1
3.09507 9.44061 1
3.46914 9.51694 1
4.17515 9.61487 1
4.70411 9.49579 1
5.51386 9.63326 1
5.84884 9.40563 1
6.6939 9.42159 1
7.09905 9.68719 1
7.94631 9.44151 1
8.20675 9.62339 1
8.975 9.74357 1
9.42626 9.48722 1
10.2508 9.51979 1
10.6994 9.73723 1
11.3887 9.57235 1
12.1198 9.5581 1
12.7502 9.54957 1
13.254 9.69812 1
13.705 9.4358 1
14.2813 9.6573 1
14.8583 9.60699 1
15.4372 9.42949 1
16.0044 9.48928 1
16.7894 9.70158 1
17.53 9.44909 1
18.0803 9.79226 1
18.6701 9.78 1
19.2935 9.78845 1
19.9523 9.411 1
20.2101 9.74906 1
21.0093 9.77685 1
21.5257 9.65359 1
22.1164 9.52916 1
22.9347 9.43028 1
23.233 9.61415 1
24.1525 9.79087 1
24.5462 9.44129 1
25.0074 9.42632 1
25.9716 9.66368 1
26.282 9.54434 1
27.1001 9.73568 1
27.5803 9.45724 1
28.1095 9.72847 1
28.8304 9.74766 1
29.5945 9.7475 1
30.173 9.68073 1
30.5737 9.70361 1
31.3127 9.76392 1
31.6511 9.65784 1
32.515 9.40928 1
33.0936 9.52755 1
33.5204 9.78387 1
34.0311 9.63649 1
34.8136 9.5295 1
35.3504 9.54035 1
35.8448 9.68802 1
36.6837 9.53338 1
37.1349 9.72129 1
37.8675 9.71895 1
38.309 9.6125 1
39.141 9.44355 1
39.6574 9.40286 1
-0.0615554 10.0378 1
0.424726 10.3653 1
1.3763 10.1136 1
1.70068 10.1867 1
2.41989 10.1599 1
3.19183 10.2524 1
3.58041 10.1927 1
4.31037 10.3967 1
4.90542 10.0161 1
5.59813 10.1415 1
5.99967 10.298 1
6.47725 10.2805 1
7.26401 10.3683 1
7.79722 10.1996 1
8.50972 10.2302 1
8.82069 10.122 1
9.69335 10.0069 1
10.0334 10.0033 1
10.9156 10.0272 1
11.5366 10.0804 1
12.1728 10.2725 1
12.7493 10.2752 1
13.292 10.0451 1
13.8347 10.022 1
14.2999 10.3721 1
14.9062 10.1046 1
15.5671 10.2332 1
16.0095 10.3547 1
16.8979 10.1236 1
17.4463 10.3628 1
17.8878 10.2282 1
18.636 10.325 1
19.2812 10.1844 1
19.6609 10.035 1
20.4651 10.3298 1
21.1998 10.1387 1
21.7805 10.1843 1
22.3167 10.1232 1
22.8056 10.2472 1
23.5423 10.1585 1
24.1749 10.3528 1
24.6824 10.3681 1
25.2472 10.262 1
25.7206 10.0807 1
26.5212 10.1935 1
27.0314 10.0088 1
27.7492 10.309 1
28.3692 10.3335 1
28.8628 10.1876 1
29.509 10.2661 1
29.9526 10.0988 1
30.7141 10.3267 1
31.281 10.1251 1
31.6295 10.2853 1
32.338 10.3138 1
32.8909 10.0345 1
33.4211 10.3256 1
34.021 10.1959 1
34.9333 10.3579 1
35.2129 10.211 1
36.1083 10.0187 1
36.7504 10.0668 1
37.3325 10.2875 1
37.8097 10.1619 1
38.2454 10.2894 1
39.1839 10.0089 1
39.7249 10.1818 1
-0.103087 10.6239 1
0.742205 10.8328 1
1.02131 10.7192 1
1.78277 10.7384 1
2.35918 10.6655 1
2.96443 10.6332 1
3.47712 10.709 1
4.30469 10.6716 1
4.71811 10.9296 1
5.28347 10.7014 1
6.00499 10.7342 1
6.54938 10.7555 1
7.36101 10.868 1
7.88352 10.8966 1
8.41796 10.6838 1
8.91105 10.6002 1
9.57055 10.9916 1
10.003 10.6756 1
10.8293 10.8182 1
11.3106 10.9132 1
12.0901 10.883 1
12.4367 10.7188 1
13.1634 10.9716 1
13.6685 10.8047 1
14.2603 10.9921 1
15.1985 10.7056 1
15.6218 10.7861 1
16.1043 10.6562 1
16.8844 10.8064 1
17.5669 10.6773 1
17.8069 10.9584 1
18.436 10.8081 1
19.0385 10.6066 1
19.7027 10.7786 1
20.3195 10.9106 1
20.8382 10.765 1
21.7097 10.9676 1
22.3701 10.8567 1
22.631 10.8267 1
23.29 10.9999 1
24.1897 10.6177 1
24.6683 10.9255 1
25.1302 10.988 1
25.6136 10.7732 1
26.4149 10.7779 1
27.1513 10.9668 1
27.6626 10.6167 1
28.0575 10.6314 1
28.7062 10.9186 1
29.3167 10.6223 1
29.932 10.646 1
30.4605 10.6065 1
31.2289 10.8153 1
31.7446 10.8944 1
32.2291 10.6012 1
33.1814 10.9415 1
33.7143 10.8788 1
34.2586 10.615 1
34.9883 10.7542 1
35.2181 10.6205 1
35.8198 10.7005 1
36.6159 10.7389 1
37.3009 10.9352 1
37.628 10.7969 1
38.3308 10.82 1
39.075 10.8578 1
39.7154 10.9966 1
-0.117166 11.3939 1
0.411215 11.2822 1
1.05865 11.2659 1
1.66533 11.5597 1
2.53906 11.3422 1
2.92257 11.2719 1
3.64237 11.4659 1
4.36622 11.5185 1
4.65175 11.368 1
5.25124 11.25 1
6.13215 11.2541 1
6.71963 11.5924 1
7.08383 11.38 1
7.89029 11.3467 1
8.34886 11.443 1
8.84326 11.4359 1
9.60172 11.4967 1
10.236 11.2832 1
10.7179 11.4442 1
11.4576 11.4963 1
12.1947 11.2892 1
12.4165 11.4921 1
13.392 11.5489 1
13.7491 11.5993 1
14.4151 11.4192 1
14.8664 11.5848 1
15.4478 11.222 1
16.325 11.2411 1
16.6085 11.532 1
17.5135 11.2366 1
17.9563 11.2893 1
18.4473 11.5696 1
19.1059 11.3543 1
19.654 11.2806 1
20.3285 11.4669 1
20.9321 11.575 1
21.6349 11.5375 1
22.2607 11.4889 1
22.8612 11.5757 1
23.5249 11.2236 1
24.1166 11.2479 1
24.6479 11.2472 1
25.077 11.2595 1
25.8081 11.3753 1
26.5141 11.5906 1
26.9732 11.3199 1
27.7665 11.5825 1
28.0631 11.5606 1
28.8773 11.2186 1
29.2416 11.4678 1
30.0257 11.4489 1
30.6742 11.2559 1
31.179 11.2584 1
31.86 11.2897 1
32.5438 11.2739 1
33.1371 11.2428 1
33.5635 11.2427 1
34.0754 11.3868 1
34.6283 11.439 1
35.4643 11.3022 1
35.8176 11.5651 1
36.4958 11.2928 1
37.1481 11.2782 1
37.6484 11.5117 1
38.2497 11.3714 1
38.9868 11.4428 1
39.4461 11.5204 1
0.0775776 11.8472 1
0.719959 12.1573 1
1.07056 12.095 1
1.83048 11.8025 1
2.55146 11.9034 1
2.82618 12.1674 1
3.56008 11.8741 1
4.27647 12.08 1
4.9129 11.8694 1
5.31869 12.1597 1
5.92226 11.8136 1
6.40126 11.8203 1
7.08555 12.0078 1
7.63082 12.1205 1
8.48547 12.0455 1
8.99003 12.0667 1
9.64949 11.8377 1
10.1338 11.9326 1
10.6333 11.8785 1
11.5716 11.9231 1
12.1759 11.9012 1
12.4942 12.1953 1
13.2404 12.0729 1
13.8909 12.0299 1
14.5859 11.9748 1
14.9505 12.197 1
15.7244 11.9042 1
16.0282 11.9075 1
16.9509 11.9777 1
17.4045 12.1274 1
17.9198 11.8675 1
18.78 11.8676 1
19.2415 11.9169 1
19.7734 11.9666 1
20.2889 11.9004 1
20.9997 12.1495 1
21.5975 11.956 1
22.157 11.9364 1
22.7278 12.0411 1
23.3583 11.9833 1
23.8016 12.0637 1
24.6394 12.0624 1
25.1262 12.0478 1
25.9435 12.1721 1
26.2511 11.8361 1
26.955 11.9724 1
27.4165 11.8089 1
28.3178 11.89 1
28.9774 12.1501 1
29.208 11.9078 1
30.1525 11.8415 1
30.7818 11.9564 1
31.2753 12.1075 1
31.993 12.1487 1
32.3724 11.9024 1
33.168 11.8992 1
33.7481 12.1816 1
34.382 11.8121 1
34.7676 12.1472 1
35.3271 12.186 1
35.9229 12.0356 1
36.7083 12.1816 1
37.3123 11.8073 1
37.7392 12.0242 1
38.2516 12.1013 1
39.1794 11.9134 1
39.6118 11.8645 1
0.1128 12.4348 1
0.430712 12.5702 1
1.37453 12.6712 1
1.67453 12.6017 1
2.41706 12.5797 1
2.82848 12.6844 1
3.51403 12.4739 1
4.09412 12.6331 1
4.86908 12.7411 1
5.54294 12.547 1
6.01808 12.7968 1
6.49292 12.4665 1
7.13655 12.6384 1
7.7328 12.4336 1
8.57262 12.676 1
9.19146 12.4114 1
9.48632 12.4272 1
10.2349 12.5399 1
10.956 12.7149 1
11.2777 12.7783 1
12.0004 12.516 1
12.6331 12.7902 1
13.1429 12.7283 1
13.7008 12.7355 1
14.5266 12.5676 1
15.0548 12.4794 1
15.6811 12.549 1
16.2264 12.709 1
16.8358 12.6437 1
17.3691 12.7149 1
18.0742 12.5479 1
18.5373 12.5546 1
19.1509 12.5013 1
19.628 12.7305 1
20.4707 12.6513 1
20.8131 12.4931 1
21.7343 12.6154 1
22.058 12.734 1
22.8198 12.5344 1
23.3175 12.5995 1
24.0932 12.4579 1
24.6481 12.4876 1
25.2598 12.6497 1
25.8244 12.5106 1
26.2581 12.7312 1
26.8427 12.4521 1
27.6777 12.6446 1
28.3128 12.5359 1
28.9921 12.794 1
29.3921 12.638 1
29.8729 12.6925 1
30.4873 12.7631 1
31.2113 12.5265 1
31.9717 12.5778 1
32.3299 12.4477 1
32.9712 12.4723 1
33.7369 12.4899 1
34.2061 12.7394 1
34.9442 12.5062 1
35.2781 12.571 1
36.0797 12.5473 1
36.5612 12.595 1
37.0008 12.6024 1
37.7237 12.5275 1
38.4892 12.795 1
38.9657 12.4357 1
39.751 12.6748 1
-0.0679773 13.1057 1
0.665558 13.0332 1
1.27823 13.1915 1
1.7106 13.395 1
2.54584 13.1377 1
3.00496 13.0175 1
3.54061 13.3629 1
4.29432 13.2046 1
4.85945 13.1664 1
5.23926 13.2028 1
5.82566 13.3989 1
6.4007 13.1384 1
7.17247 13.2604 1
7.86805 13.2459 1
8.43628 13.0182 1
9.01796 13.088 1
9.53099 13.0181 1
10.3078 13.0335 1
10.8906 13.2044 1
11.33 13.3514 1
11.9492 13.3907 1
12.7438 13.0747 1
13.2503 13.1025 1
13.754 13.1185 1
14.4132 13.2357 1
14.8481 13.3666 1
15.5569 13.0106 1
16.3689 13.1624 1
16.8028 13.3701 1
17.5544 13.1805 1
18.0879 13.194 1
18.7744 13.0631 1
19.3909 13.1146 1
19.9598 13.2192 1
20.3541 13.1532 1
20.8179 13.1163 1
21.6433 13.0454 1
22.3165 13.3452 1
22.9041 13.3289 1
23.5574 13.2538 1
24.0539 13.2807 1
24.4005 13.0354 1
25.2782 13.1538 1
25.7777 13.329 1
26.3117 13.0908 1
26.8227 13.0431 1
27.7865 13.3384 1
28.03 13.0248 1
28.6146 13.1236 1
29.3568 13.1949 1
30.0232 13.003 1
30.5541 13.0268 1
31.0598 13.0225 1
31.8866 13.039 1
32.5099 13.2937 1
33.1072 13.0981 1
33.6781 13.0846 1
34.1786 13.143 1
34.6048 13.3983 1
35.3501 13.2624 1
35.8254 13.3726 1
36.5434 13.2871 1
37.1625 13.3945 1
37.7774 13.1995 1
38.4973 13.3973 1
38.9793 13.3045 1
39.6017 13.093 1
0.127004 13.9595 1
0.661784 13.8091 1
1.20736 13.83 1
1.64034 13.6321 1
2.34609 13.7476 1
3.11212 13.7611 1
3.6767 13.6908 1
4.38778 13.8658 1
4.78826 13.7077 1
5.49001 13.783 1
6.10674 13.7202 1
6.49902 13.818 1
7.28761 13.7867 1
7.84712 13.7358 1
8.35869 13.8871 1
8.98566 13.9657 1
9.79458 13.6964 1
10.0335 13.638 1
10.8939 13.7976 1
11.3101 13.6733 1
11.8224 13.7077 1
12.4747 13.645 1
13.1579 13.6369 1
13.8083 13.7829 1
14.2027 13.8543 1
14.9644 13.7032 1
15.4649 13.8066 1
16.2828 13.9097 1
16.8995 13.8791 1
17.3194 13.9387 1
17.9435 13.7138 1
18.4173 13.7156 1
19.1115 13.6965 1
19.8184 13.9862 1
20.2871 13.7069 1
21.0562 13.7275 1
21.4307 13.821 1
22.1778 13.9872 1
22.7982 13.6727 1
23.3797 13.9115 1
24.1384 13.6698 1
24.6064 13.9404 1
25.0114 13.9148 1
25.9639 13.7871 1
26.4147 13.8273 1
26.8892 13.7367 1
27.6459 13.9362 1
28.2331 13.7179 1
28.6802 13.708 1
29.5454 13.8978 1
30.0986 13.7913 1
30.7936 13.9989 1
31.0458 13.7447 1
31.892 13.7626 1
32.403 13.8065 1
32.84 13.6855 1
33.4389 13.9506 1
34.1622 13.7825 1
34.9547 13.626 1
35.4815 13.692 1
35.9647 13.8088 1
36.4646 13.8435 1
37.1111 13.9331 1
37.6638 13.8695 1
38.2344 13.9735 1
38.9923 13.8384 1
39.4596 13.8852 1
-0.0149158 14.5107 1
0.57023 14.449 1
1.2682 14.2764 1
1.97088 14.2961 1
2.31228 14.5269 1
3.05211 14.5583 1
3.66921 14.4878 1
4.23333 14.2469 1
4.87363 14.3252 1
5.21535 14.5243 1
5.93326 14.2727 1
6.45072 14.2965 1
7.17762 14.3254 1
7.69308 14.548 1
8.39229 14.4585 1
8.85906 14.4886 1
9.73246 14.3094 1
10.0078 14.5349 1
10.879 14.5964 1
11.3577 14.543 1
11.8046 14.5755 1
12.6886 14.3333 1
13.1868 14.2733 1
13.6146 14.2717 1
14.2314 14.2972 1
15.1465 14.3586 1
15.5829 14.5832 1
16.0469 14.2095 1
16.6878 14.4774 1
17.4724 14.5084 1
18.1364 14.4578 1
18.4239 14.3246 1
19.1631 14.3375 1
19.6801 14.3045 1
20.4532 14.5875 1
20.919 14.2912 1
21.6277 14.3176 1
22.2622 14.5819 1
22.9303 14.2288 1
23.4173 14.2567 1
23.811 14.4824 1
24.7471 14.3259 1
25.0398 14.3382 1
25.8645 14.5106 1
26.3139 14.2739 1
27.0945 14.3723 1
27.5234 14.5333 1
28.1464 14.2096 1
28.7104 14.5125 1
29.5858 14.5215 1
29.9449 14.5769 1
30.6643 14.3301 1
31.0677 14.2597 1
31.7581 14.5689 1
32.4479 14.5881 1
33.1562 14.2303 1
33.6657 14.3302 1
34.0219 14.5284 1
34.6584 14.5452 1
35.5397 14.5282 1
35.8385 14.2427 1
36.4026 14.4977 1
37.3576 14.2161 1
37.6921 14.2472 1
38.5084 14.3688 1
39.1462 14.5424 1
39.7758 14.3758 1
0.188457 15.1919 1
0.602665 14.982 1
1.25257 14.8639 1
1.86067 15.0468 1
2.59524 14.8431 1
3.17072 15.0688 1
3.70818 14.8472 1
4.00434 14.954 1
4.92137 14.836 1
5.40643 15.104 1
6.15499 15.1186 1
6.43244 14.8462 1
7.0417 14.8584 1
7.83838 14.8698 1
8.53346 14.9318 1
9.07479 15.1103 1
9.68926 14.8266 1
10.1939 14.9251 1
10.6711 15.137 1
11.3509 14.9476 1
12.1621 14.8632 1
12.7344 14.9328 1
13.3952 14.82 1
13.6344 14.8027 1
14.2175 15.1799 1
15.1765 15.1036 1
15.6166 14.8694 1
16.0088 14.9004 1
16.8809 14.8401 1
17.3104 14.9826 1
17.8737 14.8596 1
18.412 14.9724 1
19.2296 15.1287 1
19.9559 14.9745 1
20.2565 14.942 1
20.9261 14.8038 1
21.7392 14.8535 1
22.292 15.0701 1
22.8257 15.084 1
23.265 14.8724 1
24.1197 15.0605 1
24.7421 15.0263 1
25.282 15.0251 1
25.713 14.8721 1
26.4868 15.0557 1
27.0951 14.8164 1
27.7591 14.9628 1
28.3544 14.9777 1
28.8198 14.8977 1
29.2205 15.197 1
30.0834 15.1112 1
30.4174 14.9876 1
31.2268 15.1846 1
31.9152 14.9934 1
32.3853 15.1441 1
32.9795 14.8034 1
33.6333 14.9736 1
34.202 14.9719 1
34.6897 15.1792 1
35.2352 14.8821 1
36.0752 15.1238 1
36.4886 15.1923 1
37.1415 15.1349 1
37.7464 15.1073 1
38.4953 14.9105 1
39.0863 15.028 1
39.7852 14.8172 1
-0.113649 15.5006 1
0.545568 15.5543 1
1.28286 15.5036 1
1.70444 15.4743 1
2.28157 15.506 1
2.80717 15.5027 1
3.46065 15.5772 1
4.24967 15.5379 1
4.81807 15.6193 1
5.44726 15.5647 1
5.95308 15.4347 1
6.78946 15.4875 1
7.1794 15.6942 1
7.6431 15.4251 1
8.4162 15.5218 1
9.10539 15.6866 1
9.49814 15.6683 1
10.3198 15.7517 1
10.7393 15.738 1
11.5245 15.427 1
12.1093 15.5248 1
12.6853 15.6132 1
13.1834 15.499 1
13.8178 15.7725 1
14.2881 15.5749 1
15.1591 15.705 1
15.6591 15.6376 1
16.01 15.744 1
16.7468 15.4918 1
17.413 15.4854 1
17.8567 15.7873 1
18.6611 15.6869 1
19.1596 15.4983 1
19.8972 15.4707 1
20.2709 15.6326 1
20.8904 15.7288 1
21.6357 15.6554 1
22.3817 15.5239 1
22.785 15.4681 1
23.2906 15.6641 1
23.924 15.7425 1
24.4043 15.4307 1
25.2716 15.7873 1
25.7677 15.4186 1
26.3777 15.5593 1
26.9195 15.4078 1
27.5902 15.6854 1
28.1278 15.7498 1
28.9307 15.5697 1
29.4024 15.5598 1
29.9496 15.4491 1
30.5488 15.5397 1
31.0678 15.7404 1
31.6185 15.7318 1
32.2281 15.7489 1
32.8222 15.7207 1
33.7431 15.4923 1
34.2561 15.548 1
34.9237 15.6722 1
35.2413 15.797 1
36.1844 15.5711 1
36.5365 15.6171 1
37.3887 15.438 1
37.8293 15.6394 1
38.4654 15.5752 1
38.8815 15.723 1
39.4489 15.4727 1
-0.104921 16.0001 1
0.646348 16.3709 1
1.00467 16.1211 1
1.62236 16.1922 1
2.23937 16.1541 1
3.06884 16.3537 1
3.78695 16.2757 1
4.07814 16.1252 1
4.96399 16.3733 1
5.45113 16.0105 1
5.83211 16.0863 1
6.67085 16.2151 1
7.15006 16.0933 1
7.65166 16.2483 1
8.26446 16.2264 1
9.11721 16.2168 1
9.7255 16.2194 1
10.3055 16.1777 1
10.8148 16.1405 1
11.5399 16.0512 1
11.9415 16.0267 1
12.7132 16.257 1
13.2268 16.059 1
13.7062 16.1537 1
14.33 16.2965 1
14.8135 16.1102 1
15.6726 16.0439 1
16.1005 16.125 1
16.6033 16.0135 1
17.4388 16.3368 1
18.159 16.3599 1
18.5761 16.2893 1
19.1573 16.3729 1
19.7145 16.3117 1
20.4431 16.1525 1
21.131 16.2974 1
21.5352 16.3613 1
22.1067 16.2057 1
22.8838 16.1775 1
23.3031 16.3882 1
23.8016 16.2509 1
24.7995 16.349 1
25.2355 16.3692 1
25.6739 16.1332 1
26.2837 16.1022 1
27.121 16.2398 1
27.6359 16.1585 1
28.2538 16.2303 1
28.8486 16.0739 1
29.221 16.3332 1
29.8266 16.2662 1
30.5625 16.3062 1
31.1155 16.358 1
31.6231 16.3043 1
32.3942 16.3283 1
32.9784 16.3992 1
33.7479 16.3356 1
34.3985 16.1257 1
34.751 16.2544 1
35.3509 16.2563 1
35.8921 16.2989 1
36.5713 16.3173 1
37.2323 16.2207 1
37.6311 16.2724 1
38.567 16.123 1
38.9147 16.3118 1
39.794 16.3164 1
0.0758564 16.9183 1
0.773976 16.8165 1
1.17729 16.6544 1
1.63302 16.8069 1
2.48864 16.9741 1
2.86923 16.9527 1
3.77162 16.7449 1
4.22271 16.8421 1
4.69035 16.6504 1
5.45434 16.8071 1
5.91382 16.7787 1
6.549 16.8657 1
7.00742 16.8992 1
7.88542 16.8048 1
8.25345 16.8452 1
9.03578 16.9941 1
9.42555 16.8188 1
10.2569 16.9303 1
10.6346 16.6834 1
11.277 16.7361 1
12.1719 16.9679 1
12.4576 16.6745 1
13.1548 16.874 1
13.8195 16.9984 1
14.3004 16.9616 1
14.8084 16.9953 1
15.7497 16.6758 1
16.2375 16.6932 1
16.7913 16.6279 1
17.5113 16.8719 1
17.9609 16.646 1
18.6522 16.935 1
19.0616 16.727 1
19.9551 16.6821 1
20.441 16.6583 1
21.015 16.8913 1
21.6686 16.7876 1
22.042 16.8456 1
22.8197 16.6209 1
23.4465 16.8291 1
24.0566 16.7621 1
24.7893 16.9451 1
25.0643 16.6015 1
25.8553 16.7627 1
26.3074 16.8962 1
26.8256 16.7079 1
27.7398 16.7535 1
28.2862 16.8935 1
28.9118 16.952 1
29.5566 16.6254 1
29.8777 16.7032 1
30.4906 16.8173 1
31.3915 16.9912 1
31.9081 16.8991 1
32.2695 16.997 1
33.155 16.622 1
33.6799 16.8693 1
34.3009 16.7816 1
34.6553 16.8854 1
35.5543 16.9181 1
36.0525 16.997 1
36.5115 16.6558 1
37.2029 16.8705 1
37.7281 16.7231 1
38.2829 16.8754 1
39.1212 16.9261 1
39.5817 16.9326 1
0.00963779 17.3821 1
0.639531 17.4006 1
1.37728 17.4265 1
1.95311 17.5188 1
2.27012 17.3211 1
2.8314 17.415 1
3.44982 17.2875 1
4.12008 17.3252 1
4.92631 17.5066 1
5.28134 17.444 1
5.97023 17.5004 1
6.56655 17.2563 1
7.24958 17.5016 1
7.63488 17.4149 1
8.49083 17.2296 1
8.95012 17.475 1
9.4358 17.3091 1
10.322 17.3191 1
10.6961 17.3381 1
11.4457 17.4928 1
12.0427 17.4725 1
12.5055 17.5545 1
13.0452 17.3567 1
13.6882 17.2954 1
14.2137 17.51 1
14.8647 17.2706 1
15.4464 17.2464 1
16.1221 17.4713 1
16.8994 17.4643 1
17.2676 17.5664 1
18.0948 17.5036 1
18.4888 17.4817 1
19.0342 17.476 1
19.7671 17.4316 1
20.4408 17.5724 1
20.94 17.4153 1
21.7317 17.3902 1
22.3165 17.2304 1
22.6261 17.4409 1
23.5979 17.3176 1
24.0228 17.2964 1
24.6406 17.4388 1
25.2467 17.2554 1
25.9306 17.5213 1
26.4719 17.3411 1
26.9397 17.5573 1
27.4494 17.2818 1
28.0348 17.2193 1
28.7251 17.5908 1
29.4421 17.4344 1
29.9213 17.5319 1
30.6372 17.4557 1
31.0328 17.401 1
31.726 17.2847 1
32.3578 17.4151 1
32.9789 17.2648 1
33.5077 17.2312 1
34.0071 17.3634 1
34.7784 17.4307 1
35.4011 17.5291 1
36.1176 17.3039 1
36.7543 17.4324 1
37.2731 17.4179 1
37.6181 17.4535 1
38.2417 17.2764 1
39.0929 17.2254 1
39.419 17.2858 1
0.121506 18.1563 1
0.666785 18.0588 1
1.0288 17.8836 1
1.81409 17.9399 1
2.29523 17.8983 1
2.91878 18.1987 1
3.66062 18.0757 1
4.14497 17.909 1
4.94318 18.0537 1
5.33673 17.8304 1
5.92398 17.9438 1
6.75114 18.1647 1
7.31322 18.1305 1
7.92449 17.8997 1
8.38127 18.0773 1
8.81947 17.9019 1
9.56788 18.1186 1
10.1606 18.1886 1
10.6435 18.0868 1
11.4769 17.8824 1
12.1593 17.8349 1
12.6542 18.0929 1
13.3049 17.9836 1
13.7772 18.1703 1
14.2297 17.8342 1
15.1367 18.0132 1
15.6147 18.0305 1
16.3563 17.9663 1
16.6609 17.9542 1
17.2325 17.8697 1
18.0164 17.8235 1
18.4037 17.8812 1
19.168 18.1405 1
19.9617 18.0175 1
20.3892 18.0744 1
21.0914 18.1102 1
21.7826 17.9137 1
22.2627 17.8642 1
22.9283 17.8175 1
23.5538 17.8031 1
23.9235 17.9153 1
24.4963 17.8213 1
25.1342 17.8843 1
25.7909 17.9591 1
26.3252 17.8577 1
26.828 17.9446 1
27.6692 18.0428 1
28.1402 17.9761 1
28.9542 18.0563 1
29.5933 17.8181 1
30.0545 18.1873 1
30.4408 18.0316 1
31.1162 17.9152 1
31.9636 17.8375 1
32.4525 17.9549 1
32.9352 17.9547 1
33.6039 17.8207 1
34.3533 18.0962 1
34.8054 18.1727 1
35.43 18.0824 1
35.9593 18.1873 1
36.4277 18.0193 1
37.1426 18.1032 1
37.9748 17.8216 1
38.4828 17.9599 1
39.1474 17.9948 1
39.5048 18.1757 1
0.180829 18.591 1
0.679764 18.7866 1
1.04284 18.7504 1
1.76983 18.708 1
2.47744 18.589 1
2.92195 18.7536 1
3.548 18.564 1
4.33644 18.6194 1
4.9147 18.7114 1
5.48491 18.513 1
5.95425 18.4428 1
6.78542 18.5945 1
7.31611 18.5376 1
7.76102 18.642 1
8.33147 18.7854 1
9.07057 18.5896 1
9.44372 18.4749 1
10.0706 18.4906 1
10.8473 18.7511 1
11.2678 18.5974 1
11.8491 18.4754 1
12.7976 18.4265 1
13.212 18.4725 1
13.6541 18.5063 1
14.2092 18.7715 1
14.8601 18.7899 1
15.4814 18.4185 1
16.2331 18.6646 1
16.8381 18.7681 1
17.5676 18.4587 1
18.1783 18.6468 1
18.7576 18.5831 1
19.0283 18.5172 1
19.8361 18.5139 1
20.4944 18.5108 1
21.1892 18.7473 1
21.467 18.6683 1
22.2805 18.6919 1
22.7268 18.4813 1
23.379 18.5315 1
23.8635 18.5442 1
24.4105 18.5209 1
25.374 18.495 1
25.8265 18.4732 1
26.2837 18.538 1
26.9676 18.7546 1
27.5181 18.5028 1
28.1811 18.713 1
28.7272 18.4542 1
29.2142 18.4541 1
29.9786 18.7794 1
30.6564 18.488 1
31.1179 18.6854 1
31.7432 18.7953 1
32.3441 18.5255 1
32.9834 18.7708 1
33.5829 18.6825 1
34.0304 18.6243 1
34.9726 18.4897 1
35.4992 18.6591 1
36.0695 18.7039 1
36.6965 18.6461 1
37.0782 18.6239 1
37.7325 18.719 1
38.545 18.7938 1
38.99 18.5067 1
39.677 18.5911 1
0.09204 19.3164 1
0.587065 19.0047 1
1.29694 19.2977 1
1.71913 19.2898 1
2.48974 19.1183 1
2.83919 19.2901 1
3.67708 19.1149 1
4.1295 19.1644 1
4.70837 19.1343 1
5.45825 19.0648 1
6.05992 19.0152 1
6.67778 19.201 1
7.36616 19.0127 1
7.96197 19.0786 1
8.47334 19.0884 1
9.06321 19.2073 1
9.69451 19.1729 1
10.2813 19.2511 1
10.9045 19.2586 1
11.3724 19.1203 1
12.0317 19.3286 1
12.5065 19.1793 1
13.3358 19.0879 1
13.9532 19.3208 1
14.4522 19.1455 1
14.9631 19.1491 1
15.6369 19.3445 1
16.2901 19.134 1
16.7588 19.1859 1
17.4401 19.2432 1
18.0648 19.1632 1
18.5948 19.3713 1
19.3474 19.124 1
19.9204 19.3096 1
20.2596 19.2136 1
20.9934 19.1041 1
21.4538 19.1239 1
22.091 19.2676 1
22.7863 19.3602 1
23.4813 19.0557 1
24.1302 19.3663 1
24.6238 19.1428 1
25.1815 19.0823 1
25.8106 19.2451 1
26.395 19.1916 1
27.1653 19.2517 1
27.7794 19.1617 1
28.2931 19.3524 1
28.842 19.2227 1
29.2545 19.3099 1
30.108 19.0039 1
30.6803 19.2047 1
31.0142 19.0675 1
31.9025 19.033 1
32.3398 19.3467 1
32.9253 19.1203 1
33.672 19.2535 1
34.0784 19.1944 1
34.7133 19.3028 1
35.4706 19.2172 1
36.1721 19.1617 1
36.7056 19.3589 1
37.3732 19.0186 1
37.6603 19.1138 1
38.515 19.2378 1
39.1374 19.1342 1
39.6516 19.3921 1
0.0957377 19.6636 1
0.783806 19.8288 1
1.01319 19.7154 1
1.98905 19.9061 1
2.47394 19.6338 1
3.09672 19.8041 1
3.70155 19.7364 1
4.38108 19.6794 1
4.71663 19.8421 1
5.57806 19.6863 1
5.90296 19.728 1
6.4234 19.6728 1
7.0347 19.9946 1
7.66947 19.6595 1
8.22657 19.7525 1
9.10795 19.7519 1
9.79519 19.9977 1
10.1958 19.8707 1
10.6036 19.8647 1
11.5951 19.9004 1
12.1969 19.8796 1
12.4104 19.6426 1
13.3596 19.78 1
13.8839 19.8135 1
14.5674 19.9597 1
15.0649 19.9444 1
15.7013 19.6619 1
16.1129 19.8754 1
16.8782 19.7868 1
17.4935 19.8937 1
17.8369 19.6545 1
18.5405 19.8708 1
19.2055 19.7659 1
19.9227 19.8955 1
20.4776 19.9366 1
21.0609 19.7623 1
21.6036 19.9454 1
22.1294 19.8818 1
22.6126 19.7299 1
23.5344 19.6549 1
23.8474 19.7641 1
24.4776 19.8837 1
25.133 19.9897 1
25.6253 19.6508 1
26.3888 19.7479 1
26.9285 19.6969 1
27.5767 19.7056 1
28.154 19.9133 1
28.7628 19.7993 1
29.5425 19.6081 1
30.0769 19.6942 1
30.7424 19.8906 1
31.1166 19.7302 1
31.9544 19.8534 1
32.5151 19.6885 1
33.1409 19.7785 1
33.4513 19.7753 1
34.0765 19.9556 1
34.6405 19.9711 1
35.4153 19.7332 1
35.9649 19.8587 1
36.6728 19.8198 1
37.3866 19.742 1
37.9655 19.7162 1
38.2067 19.7956 1
39.0529 19.603 1
39.4282 19.6941 1
-0.190483 20.5486 1
0.518036 20.4343 1
1.106 20.5004 1
1.95702 20.2385 1
2.21579 20.3021 1
3.00645 20.4673 1
3.44435 20.3222 1
4.13849 20.5276 1
4.9023 20.5072 1
5.28163 20.5524 1
6.12545 20.4051 1
6.79831 20.5865 1
7.35429 20.3585 1
7.70061 20.4164 1
8.42705 20.5983 1
9.02106 20.3805 1
9.50086 20.2301 1
10.3408 20.4768 1
10.6506 20.5038 1
11.4758 20.4257 1
12.0458 20.4011 1
12.6192 20.5815 1
13.3573 20.5794 1
13.7042 20.2888 1
14.4607 20.5884 1
15.0238 20.5253 1
15.444 20.3335 1
16.1926 20.3858 1
16.9665 20.3176 1
17.5686 20.5893 1
18.0231 20.4428 1
18.4168 20.2832 1
19.1346 20.4213 1
19.6894 20.5962 1
20.3486 20.2515 1
21.1095 20.5927 1
21.6761 20.3464 1
22.1065 20.3425 1
22.8749 20.266 1
23.2066 20.2468 1
23.9779 20.4796 1
24.481 20.5753 1
25.0958 20.4606 1
25.9012 20.22 1
26.5584 20.399 1
27.1317 20.5383 1
27.6444 20.3025 1
28.2633 20.314 1
28.7359 20.3156 1
29.3205 20.4277 1
29.8183 20.4369 1
30.684 20.212 1
31.0091 20.339 1
31.7428 20.2909 1
32.2868 20.5024 1
32.9856 20.3625 1
33.5738 20.3519 1
34.2032 20.3966 1
34.6152 20.4507 1
35.3282 20.4965 1
35.9412 20.5213 1
36.6298 20.2539 1
37.3317 20.2211 1
37.8388 20.4368 1
38.4411 20.5628 1
38.8207 20.5478 1
39.7059 20.3182 1
0.106285 20.9249 1
0.400526 20.8456 1
1.11214 21.11 1
1.88898 20.9541 1
2.30391 20.893 1
2.88358 21.1919 1
3.67341 20.8132 1
4.1895 20.9603 1
4.67797 20.8079 1
5.28515 21.1737 1
6.13024 21.1311 1
6.78232 20.8739 1
7.34682 20.9778 1
7.95596 21.0201 1
8.34461 21.1888 1
8.81346 21.0523 1
9.68699 21.0046 1
10.005 20.962 1
10.8743 21.1117 1
11.3633 21.0478 1
12.1312 20.9735 1
12.7642 21.0561 1
13.189 20.932 1
13.8694 21.0206 1
14.4527 20.8654 1
15.1996 20.913 1
15.5867 21.1126 1
16.146 20.8835 1
16.888 20.8887 1
17.2329 21.1256 1
18.1419 20.9638 1
18.4926 21.1501 1
19.3168 20.8856 1
19.7839 20.8982 1
20.4614 20.8258 1
21.1487 21.1256 1
21.7058 21.1806 1
22.2409 20.8956 1
22.784 21.0325 1
23.5621 20.9024 1
23.881 21.1784 1
24.4091 20.9406 1
25.2589 20.9711 1
25.6612 21.1976 1
26.2127 21.1163 1
26.8735 20.8779 1
27.4393 20.9273 1
28.0907 21.185 1
28.9524 21.0137 1
29.5539 20.9438 1
30.1798 21.1838 1
30.7548 20.9171 1
31.0089 21.1833 1
31.9348 21.1142 1
32.3028 21.1877 1
33.1845 21.0853 1
33.5831 20.9382 1
34.1008 21.1683 1
34.6924 20.9644 1
35.4417 21.0387 1
36.1999 21.1045 1
36.5607 20.9174 1
37.0918 21.0426 1
37.9721 20.8224 1
38.4502 21.1902 1
39.0768 21.0001 1
39.6914 20.9205 1
0.0711117 21.5748 1
0.748796 21.6156 1
1.07305 21.5068 1
1.60337 21.6417 1
2.59229 21.7624 1
2.86441 21.5176 1
3.71787 21.4998 1
4.07066 21.7305 1
4.71376 21.731 1
5.5853 21.5812 1
5.91426 21.7492 1
6.61914 21.742 1
7.0338 21.4353 1
7.6978 21.571 1
8.35582 21.4879 1
8.8885 21.6212 1
9.66968 21.5153 1
10.3208 21.6829 1
10.8016 21.7205 1
11.3945 21.5713 1
12.0213 21.7124 1
12.6641 21.6585 1
13.3689 21.5277 1
13.6235 21.5457 1
14.2981 21.6935 1
14.9631 21.4113 1
15.6755 21.7029 1
16.0395 21.4971 1
16.8731 21.5504 1
17.4454 21.5871 1
18.1159 21.5354 1
18.6959 21.7424 1
19.0977 21.7751 1
19.8201 21.4354 1
20.5172 21.5242 1
21.0633 21.6428 1
21.7008 21.7388 1
22.1994 21.5405 1
22.71 21.6526 1
23.5094 21.7399 1
24.1244 21.622 1
24.7965 21.5976 1
25.0948 21.696 1
25.6369 21.4491 1
26.2305 21.4129 1
27.1452 21.6099 1
27.5492 21.5656 1
28.0137 21.5111 1
28.995 21.6012 1
29.4277 21.4081 1
29.8803 21.5477 1
30.5307 21.7234 1
31.3652 21.5708 1
31.9928 21.6236 1
32.3764 21.6581 1
33.1504 21.6063 1
33.5039 21.6326 1
34.125 21.4148 1
34.7753 21.7138 1
35.2134 21.5356 1
36.0732 21.5772 1
36.6986 21.4684 1
37.3768 21.6751 1
37.9876 21.5811 1
38.4445 21.5928 1
39.183 21.4074 1
39.7966 21.5223 1
-0.0680072 22.0032 1
0.455563 22.2424 1
1.15478 22.1645 1
1.79225 22.286 1
2.30092 22.1761 1
2.86064 22.3899 1
3.50855 22.0667 1
4.18505 22.0896 1
4.9526 22.086 1
5.37567 22.1242 1
5.80643 22.0284 1
6.42135 22.3753 1
7.11124 22.346 1
7.9005 22.0217 1
8.23853 22.2963 1
8.93561 22.3571 1
9.65342 22.3712 1
10.0392 22.1488 1
10.9465 22.3186 1
11.4435 22.1978 1
12.1068 22.0097 1
12.7062 22.3192 1
13.0883 22.0221 1
13.7424 22.2851 1
14.4151 22.0377 1
14.9666 22.2161 1
15.4934 22.0556 1
16.3202 22.2825 1
16.9747 22.2242 1
17.353 22.2925 1
17.9431 22.3613 1
18.581 22.2343 1
19.0171 22.1605 1
19.688 22.3579 1
20.4305 22.36 1
20.9437 22.1172 1
21.7198 22.353 1
22.0849 22.2079 1
22.6671 22.1227 1
23.5052 22.2783 1
24.1169 22.1054 1
24.4915 22.0465 1
25.2679 22.1731 1
25.8167 22.0868 1
26.2893 22.0978 1
27.066 22.1193 1
27.532 22.1342 1
28.3893 22.259 1
28.9993 22.3953 1
29.5979 22.2256 1
29.9289 22.2938 1
30.6259 22.299 1
31.0939 22.0007 1
31.8751 22.2188 1
32.287 22.2348 1
32.8914 22.1694 1
33.7988 22.1177 1
34.2005 22.3693 1
34.8831 22.0926 1
35.5965 22.166 1
36.117 22.3198 1
36.5565 22.0971 1
37.3807 22.3968 1
37.6685 22.3158 1
38.5761 22.3393 1
38.8898 22.0916 1
39.6433 22.2004 1
0.15708 22.8492 1
0.678969 22.8362 1
1.22137 22.7954 1
1.68601 22.9908 1
2.53131 22.8735 1
3.01144 22.6607 1
3.52938 22.724 1
4.15501 22.6394 1
4.81392 22.7348 1
5.38428 22.9499 1
5.8558 22.831 1
6.54698 22.8385 1
7.01088 22.6498 1
7.9848 22.8061 1
8.55949 22.893 1
8.85727 22.7315 1
9.66724 22.9447 1
10.3447 22.6598 1
10.6634 22.6117 1
11.2793 22.647 1
11.8319 22.8573 1
12.6093 22.6464 1
13.2339 22.9311 1
13.913 22.7153 1
14.5799 22.8053 1
15.0232 22.8379 1
15.7993 22.6427 1
16.3714 22.746 1
16.8216 22.987 1
17.5212 22.9387 1
17.845 22.8287 1
18.6859 22.7781 1
19.1967 22.6054 1
19.9577 22.8289 1
20.5687 22.8327 1
21.0565 22.7882 1
21.426 22.8938 1
22.3971 22.7912 1
22.8166 22.8655 1
23.3024 22.9414 1
24.1426 22.6177 1
24.6471 22.9317 1
25.36 22.8973 1
25.7323 22.982 1
26.2933 22.6985 1
27.1035 22.9139 1
27.7526 22.8682 1
28.3329 22.6655 1
28.8176 22.938 1
29.318 22.9879 1
29.8559 22.9441 1
30.5764 22.7249 1
31.2225 22.682 1
31.6786 22.8144 1
32.5353 22.835 1
32.9207 22.8392 1
33.622 22.866 1
34.3558 22.9571 1
34.8562 22.8211 1
35.4451 22.6711 1
36.0762 22.7479 1
36.4299 22.7648 1
37.0928 22.853 1
37.9581 22.8799 1
38.4746 22.8486 1
39.0127 22.954 1
39.6739 22.8634 1
-0.0298931 23.386 1
0.496475 23.4471 1
1.148 23.4489 1
1.78452 23.2484 1
2.58593 23.5015 1
2.83 23.4412 1
3.79416 23.3674 1
4.07273 23.559 1
4.82258 23.3735 1
5.33756 23.2077 1
5.83797 23.2985 1
6.61128 23.4162 1
7.21569 23.4327 1
7.72809 23.2651 1
8.34412 23.3542 1
9.09891 23.4004 1
9.77768 23.3004 1
10.118 23.2281 1
10.9851 23.4124 1
11.539 23.2669 1
11.807 23.3653 1
12.6267 23.5276 1
13.3366 23.2845 1
13.6688 23.3753 1
14.2557 23.4477 1
15.1548 23.3587 1
15.42 23.2954 1
16.2941 23.3844 1
16.9734 23.2454 1
17.5252 23.2574 1
17.8305 23.3974 1
18.5552 23.4736 1
19.111 23.5636 1
19.7629 23.4923 1
20.4723 23.5215 1
20.814 23.5317 1
21.6969 23.2818 1
22.3355 23.3943 1
22.8846 23.3867 1
23.3734 23.292 1
24.0498 23.2525 1
24.479 23.5074 1
25.3778 23.5762 1
25.8462 23.3093 1
26.2441 23.4721 1
27.0193 23.5625 1
27.7496 23.2963 1
28.2421 23.5188 1
28.9224 23.5028 1
29.3894 23.5599 1
30.136 23.226 1
30.6569 23.4018 1
31.0453 23.5053 1
31.8697 23.4529 1
32.5849 23.4589 1
33.0972 23.566 1
33.5689 23.3535 1
34.2028 23.4211 1
34.75 23.3678 1
35.2157 23.5835 1
35.9589 23.3909 1
36.5694 23.3393 1
37.0737 23.2182 1
37.7226 23.2681 1
38.2976 23.2662 1
38.8592 23.5592 1
39.4312 23.3722 1
0.028794 23.941 1
0.580052 23.9262 1
1.24619 23.976 1
1.72486 23.9541 1
2.53652 24.0836 1
2.84531 24.1234 1
3.7565 23.9131 1
4.01853 24.0279 1
4.90232 24.0409 1
5.44246 23.9543 1
5.83323 23.9477 1
6.46768 24.0936 1
7.05963 24.0704 1
7.91019 23.9314 1
8.31009 24.0311 1
9.12054 23.8991 1
9.46959 24.166 1
10.1791 23.9067 1
10.6966 23.8378 1
11.5654 23.8473 1
11.9693 24.0035 1
12.4192 23.8173 1
13.0156 24.1264 1
13.7492 24.1125 1
14.5656 23.9641 1
14.8347 23.8792 1
15.6262 23.8298 1
16.3254 23.8343 1
16.8229 24.0604 1
17.5407 24.0725 1
17.9105 24.1524 1
18.4266 24.177 1
19.2311 23.9379 1
19.9735 23.9072 1
20.4667 24.1729 1
21.0973 23.8766 1
21.6767 23.8692 1
22.3343 23.9212 1
22.841 24.0265 1
23.2556 24.1101 1
23.8321 24.1206 1
24.4565 24.1512 1
25.0012 24.0118 1
25.6438 23.9694 1
26.565 23.9236 1
26.8453 24.1196 1
27.6713 24.1822 1
28.1642 24.0637 1
28.6254 23.9207 1
29.4996 23.8011 1
30.0509 23.9054 1
30.608 24.0473 1
31.0161 24.0239 1
31.8403 24.1474 1
32.5595 24.031 1
32.955 24.0999 1
33.6739 24.0166 1
34.0705 24.0542 1
34.7769 23.8325 1
35.3761 23.9725 1
35.9492 24.0952 1
36.6763 23.9502 1
37.0909 23.9073 1
37.8335 23.891 1
38.4425 23.9307 1
38.8417 23.9218 1
39.7277 24.1497 1
-0.109525 24.6144 1
0.410289 24.528 1
1.11142 24.6082 1
1.89086 24.5161 1
2.27564 24.5332 1
3.09644 24.704 1
3.45119 24.6759 1
4.12858 24.6067 1
4.99037 24.5296 1
5.27317 24.5318 1
5.90145 24.6292 1
6.77552 24.5609 1
7.25052 24.5593 1
7.70153 24.7761 1
8.3024 24.557 1
9.18937 24.5189 1
9.56575 24.5239 1
10.3641 24.7139 1
10.6017 24.607 1
11.5933 24.6515 1
12.1488 24.4537 1
12.5118 24.6321 1
13.0788 24.6653 1
13.7385 24.4929 1
14.368 24.4327 1
15.1492 24.6333 1
15.478 24.7817 1
16.3755 24.6196 1
16.7747 24.5254 1
17.5046 24.6867 1
18.1892 24.5618 1
18.4667 24.7004 1
19.0723 24.5885 1
19.6897 24.4434 1
20.3081 24.757 1
20.9236 24.4807 1
21.7918 24.6523 1
22.1899 24.724 1
22.6976 24.5913 1
23.3484 24.4883 1
24.0468 24.7203 1
24.5862 24.7844 1
25.0269 24.4757 1
25.9856 24.7742 1
26.5927 24.49 1
27.1446 24.7351 1
27.7514 24.4021 1
28.2505 24.5294 1
28.6259 24.6287 1
29.398 24.7774 1
30.122 24.7629 1
30.4244 24.6663 1
31.2319 24.5234 1
31.6972 24.7004 1
32.4568 24.7548 1
33.0677 24.5804 1
33.7858 24.7898 1
34.2733 24.6538 1
34.9445 24.6585 1
35.4757 24.5776 1
35.9252 24.6294 1
36.4165 24.4426 1
37.0862 24.6497 1
37.834 24.5778 1
38.4801 24.7257 1
38.926 24.4111 1
39.4849 24.6921 1
-0.0497372 25.2674 1
0.749035 25.2372 1
1.34394 25.1689 1
1.67746 25.2799 1
2.59769 25.003 1
2.84555 25.3273 1
3.67877 25.0444 1
4.00644 25.2451 1
4.80762 25.2337 1
5.58605 25.346 1
6.11962 25.2823 1
6.705 25.1198 1
7.03332 25.351 1
7.65586 25.3817 1
8.23133 25.1506 1
8.99431 25.0827 1
9.67092 25.1979 1
10.1298 25.1032 1
10.6115 25.0298 1
11.2905 25.2911 1
11.8264 25.3654 1
12.7241 25.1543 1
13.0241 25.2466 1
13.7596 25.3836 1
14.4113 25.173 1
15.1376 25.1003 1
15.7132 25.0424 1
16.2397 25.1432 1
16.6519 25.3712 1
17.5684 25.1826 1
17.9706 25.029 1
18.4024 25.3897 1
19.0414 25.3961 1
19.9254 25.3244 1
20.3645 25.073 1
20.8501 25.2758 1
21.7481 25.2879 1
22.2519 25.3486 1
22.7684 25.1078 1
23.3699 25.1809 1
23.9805 25.2638 1
24.4453 25.0511 1
25.1974 25.1047 1
25.8549 25.0567 1
26.2703 25.2142 1
26.8055 25.0345 1
27.4441 25.1522 1
28.3625 25.3085 1
28.8462 25.209 1
29.2042 25.257 1
29.8205 25.0599 1
30.4387 25.0189 1
31.1201 25.0944 1
31.8234 25.2785 1
32.4608 25.0697 1
33.0187 25.0706 1
33.4948 25.2235 1
34.0832 25.3803 1
34.9189 25.2203 1
35.3727 25.1943 1
36.1921 25.0706 1
36.7122 25.1448 1
37.3916 25.0561 1
37.9525 25.0857 1
38.5601 25.3749 1
39.029 25.3409 1
39.6979 25.1179 1
0.112482 25.8776 1
0.783659 25.7577 1
1.27196 25.6909 1
1.79639 25.9785 1
2.30044 25.7666 1
3.15102 25.957 1
3.76658 25.9905 1
4.25577 25.881 1
4.91845 25.8655 1
5.23902 25.7798 1
6.07765 25.6704 1
6.45533 25.8512 1
7.0185 25.7094 1
7.65063 25.7255 1
8.53433 25.9579 1
9.1348 25.7149 1
9.4769 25.6986 1
10.1867 25.7625 1
10.9581 25.7704 1
11.3206 25.799 1
11.9501 25.7355 1
12.7785 25.9849 1
13.3323 25.7851 1
13.7126 25.7387 1
14.3267 25.6138 1
14.8361 25.6994 1
15.5641 25.8007 1
16.2854 25.7757 1
16.9925 25.8622 1
17.31 25.6952 1
17.841 25.8885 1
18.7597 25.9034 1
19.1467 25.7413 1
19.6618 25.9151 1
20.2791 25.8699 1
21.0567 25.878 1
21.6706 25.8873 1
22.2876 25.6742 1
22.6935 25.6879 1
23.4096 25.8442 1
23.9304 25.651 1
24.494 25.6494 1
25.0693 25.9217 1
25.9485 25.7014 1
26.3501 25.8198 1
26.9442 25.6662 1
27.786 25.9547 1
28.099 25.9588 1
28.9241 25.9968 1
29.3247 25.6256 1
29.9076 25.8587 1
30.4464 25.9334 1
31.2867 25.6961 1
31.9652 25.9078 1
32.2252 25.7043 1
33.1485 25.7857 1
33.7385 25.7689 1
34.1549 25.6514 1
34.7881 25.6559 1
35.4281 25.9357 1
35.8017 25.7335 1
36.7691 25.7309 1
37.3248 25.848 1
37.8106 25.7961 1
38.5684 25.7023 1
38.8154 25.9288 1
39.4949 25.6624 1
9.32813e-006 26.5569 1
0.664503 26.4997 1
1.10805 26.2668 1
1.88656 26.3341 1
2.55707 26.2096 1
3.02359 26.4855 1
3.67011 26.3708 1
4.14264 26.3529 1
4.99286 26.5156 1
5.29783 26.3533 1
5.9457 26.2384 1
6.66018 26.2944 1
7.11084 26.2615 1
7.64426 26.4891 1
8.55933 26.2415 1
8.84356 26.3245 1
9.64019 26.2503 1
10.3502 26.5836 1
10.9299 26.2279 1
11.2379 26.5587 1
11.8291 26.2992 1
12.4484 26.5715 1
13.2123 26.2474 1
13.8722 26.3073 1
14.5389 26.2349 1
14.9684 26.3614 1
15.7689 26.4081 1
16.0678 26.2917 1
16.7704 26.4625 1
17.284 26.2217 1
17.915 26.5238 1
18.7542 26.2463 1
19.1049 26.4625 1
19.9723 26.4408 1
20.3957 26.218 1
21.1822 26.4726 1
21.5147 26.4614 1
22.2085 26.3389 1
22.8734 26.4376 1
23.4533 26.535 1
23.9178 26.2733 1
24.7484 26.4427 1
25.385 26.2246 1
25.9905 26.4424 1
26.3229 26.5341 1
26.8083 26.2182 1
27.731 26.339 1
28.1501 26.526 1
28.9468 26.4997 1
29.3344 26.2338 1
30.1204 26.5985 1
30.455 26.3124 1
31.2935 26.271 1
31.906 26.5389 1
32.5096 26.3919 1
32.8364 26.2779 1
33.5289 26.5459 1
34.0076 26.5043 1
34.7368 26.4844 1
35.2637 26.2178 1
36.0058 26.3557 1
36.6801 26.3222 1
37.2456 26.2922 1
37.998 26.2507 1
38.4282 26.3691 1
38.9719 26.5086 1
39.4731 26.2257 1
-0.105299 26.8384 1
0.734022 27.1094 1
1.263 27.0164 1
1.61117 26.9829 1
2.44127 27.0595 1
2.86102 27.1774 1
3.67435 26.9504 1
4.29022 26.8704 1
4.89252 27.1495 1
5.21434 27.0859 1
5.81345 26.8489 1
6.49341 27.1425 1
7.13924 27.0594 1
7.91329 26.9915 1
8.3132 26.9796 1
9.02776 27.1351 1
9.60261 26.8582 1
10.1844 26.8565 1
10.6683 27.0642 1
11.4046 26.8729 1
12.0105 27.1555 1
12.6363 26.93 1
13.2511 26.8522 1
13.706 27.0522 1
14.4332 27.1999 1
14.9227 27.0025 1
15.5095 26.9417 1
16.0849 27.1673 1
16.758 26.8994 1
17.476 26.9319 1
17.9118 27.0743 1
18.561 27.0384 1
19.0349 27.0733 1
19.7396 27.12 1
20.2087 26.9521 1
20.9197 27.1385 1
21.6804 26.8391 1
22.0198 26.9676 1
22.9385 27.1623 1
23.5573 26.8709 1
24.0247 27.0008 1
24.5056 27.1578 1
25.3731 27.1084 1
25.6767 26.8761 1
26.3326 27.1629 1
27.1069 26.8089 1
27.6833 26.9586 1
28.3833 26.9556 1
28.8598 26.8327 1
29.4004 26.9735 1
30.141 27.0938 1
30.7883 26.9937 1
31.026 26.951 1
31.7254 27.1397 1
32.3953 27.1265 1
32.807 26.8091 1
33.7591 26.8947 1
34.356 26.9286 1
34.9569 27.1267 1
35.2181 27.0038 1
35.8661 26.8041 1
36.4035 26.9049 1
37.1761 27.146 1
37.8982 26.9794 1
38.525 26.8795 1
39.0996 27.0549 1
39.5601 27.1247 1
0.00392301 27.534 1
0.739687 27.7171 1
1.22469 27.7914 1
1.97876 27.6197 1
2.22786 27.6324 1
2.9238 27.7311 1
3.56328 27.5676 1
4.01566 27.4019 1
4.98839 27.4769 1
5.49798 27.6209 1
6.15325 27.686 1
6.68398 27.4449 1
7.06913 27.6165 1
7.93424 27.7221 1
8.35862 27.7353 1
9.09553 27.5528 1
9.68927 27.4732 1
10.2859 27.67 1
10.689 27.4628 1
11.4953 27.4066 1
12.1926 27.6616 1
12.6355 27.71 1
13.2993 27.4667 1
13.697 27.4353 1
14.498 27.5134 1
14.9714 27.7666 1
15.6477 27.41 1
16.2823 27.6046 1
16.6615 27.5177 1
17.5044 27.4634 1
17.9068 27.7566 1
18.4546 27.6889 1
19.3933 27.409 1
19.9128 27.5784 1
20.4563 27.7823 1
21.0608 27.687 1
21.4659 27.4385 1
22.0871 27.4323 1
22.7889 27.4377 1
23.2587 27.741 1
23.8655 27.5575 1
24.4663 27.7505 1
25.2128 27.6977 1
25.8788 27.4676 1
26.2049 27.4503 1
27.0729 27.7136 1
27.6441 27.5631 1
28.0602 27.6954 1
28.683 27.6343 1
29.389 27.4374 1
29.8352 27.7711 1
30.7359 27.7939 1
31.2116 27.6888 1
31.6324 27.7547 1
32.4806 27.4457 1
32.9191 27.4994 1
33.4261 27.6932 1
34.3755 27.5657 1
34.9726 27.6077 1
35.4631 27.5345 1
35.8061 27.6988 1
36.4269 27.422 1
37.3888 27.4544 1
37.909 27.7238 1
38.2704 27.6966 1
39.0648 27.7426 1
39.6847 27.7311 1
-0.166807 28.2695 1
0.581413 28.2037 1
1.143 28.2548 1
1.93461 28.2095 1
2.4401 28.1561 1
3.05049 28.011 1
3.47978 28.0807 1
4.17491 28.163 1
4.83428 28.286 1
5.33296 28.248 1
5.82305 28.2788 1
6.53723 28.3692 1
7.35419 28.0576 1
7.6245 28.1387 1
8.5954 28.2519 1
8.8721 28.1999 1
9.4905 28.2028 1
10.0203 28.0112 1
10.7836 28.1938 1
11.2849 28.0651 1
12.0454 28.127 1
12.4094 28.0985 1
13.2547 28.1565 1
13.8871 28.2221 1
14.3634 28.1997 1
14.9218 28.0371 1
15.5747 28.1901 1
16.2064 28.1293 1
16.9251 28.0683 1
17.5337 28.0465 1
18.0542 28.3395 1
18.5567 28.2852 1
19.0349 28.0461 1
19.952 28.0801 1
20.3411 28.2469 1
21.0354 28.2512 1
21.7224 28.1984 1
22.1105 28.3116 1
22.9236 28.0897 1
23.4225 28.3133 1
24.1673 28.192 1
24.749 28.1427 1
25.3412 28.3464 1
25.9622 28.3657 1
26.2607 28.0047 1
27.1498 28.0301 1
27.4999 28.2474 1
28.3307 28.2445 1
28.9667 28.0579 1
29.3622 28.3695 1
30.0365 28.3803 1
30.5722 28.1727 1
31.352 28.1787 1
31.8875 28.0396 1
32.4007 28.3209 1
32.9364 28.0227 1
33.6661 28.3684 1
34.2692 28.273 1
34.7619 28.1917 1
35.2182 28.0189 1
36.0295 28.3854 1
36.7618 28.2238 1
37.2138 28.3272 1
37.6031 28.1507 1
38.5372 28.338 1
39.0246 28.1627 1
39.4921 28.2995 1
-0.185283 28.7567 1
0.750509 28.7999 1
1.01085 28.6128 1
1.86179 28.8453 1
2.4384 28.6064 1
2.95281 28.8988 1
3.54928 28.7244 1
4.2232 28.665 1
4.99298 28.6898 1
5.42152 28.9342 1
5.98695 28.708 1
6.79798 28.677 1
7.24464 28.7202 1
7.86952 28.9002 1
8.50516 28.9385 1
9.11415 28.9806 1
9.6727 28.6338 1
10.1372 28.9851 1
10.7708 28.7015 1
11.4445 28.626 1
12.0091 28.8461 1
12.5705 28.786 1
13.3157 28.9327 1
13.8241 28.6753 1
14.2031 28.7264 1
14.8001 28.8533 1
15.7498 28.7328 1
16.3264 28.8415 1
16.9145 28.8531 1
17.2837 28.9716 1
17.9794 28.9899 1
18.7832 28.8976 1
19.084 28.7821 1
19.6064 28.9561 1
20.591 28.9067 1
21.0021 28.9209 1
21.481 28.9364 1
22.3155 28.7864 1
22.6859 28.6853 1
23.5316 28.9076 1
24.145 28.9986 1
24.6474 28.8514 1
25.3461 28.9243 1
25.7786 28.8762 1
26.5481 28.9665 1
26.949 28.9632 1
27.4389 28.7341 1
28.0811 28.6341 1
28.8507 28.657 1
29.5372 28.7447 1
30.1569 28.7247 1
30.5346 28.8274 1
31.2483 28.8676 1
31.6213 28.609 1
32.3396 28.6319 1
33.124 28.7955 1
33.7902 28.6323 1
34.2293 28.7198 1
34.6226 28.878 1
35.3804 28.9634 1
36.1552 28.7802 1
36.6732 28.6428 1
37.3108 28.9959 1
37.769 28.8913 1
38.3198 28.7804 1
39.0072 28.9412 1
39.4456 28.6826 1
-0.0834696 29.3263 1
0.74908 29.3889 1
1.3488 29.5175 1
1.93689 29.324 1
2.36345 29.4809 1
3.04223 29.5844 1
3.42776 29.3043 1
4.00141 29.3513 1
4.79609 29.2175 1
5.2639 29.5436 1
5.8719 29.2416 1
6.79391 29.2748 1
7.13287 29.4813 1
7.80986 29.4807 1
8.53576 29.4794 1
8.94085 29.2594 1
9.69847 29.5952 1
10.2588 29.5186 1
10.8173 29.5006 1
11.2933 29.2175 1
12.1049 29.5744 1
12.7268 29.5618 1
13.1117 29.4858 1
13.862 29.3911 1
14.5379 29.4873 1
14.9335 29.42 1
15.712 29.2405 1
16.345 29.3704 1
16.9646 29.442 1
17.3196 29.2797 1
17.8348 29.3571 1
18.7458 29.4439 1
19.0311 29.5154 1
19.8147 29.4007 1
20.2709 29.2302 1
21.0551 29.429 1
21.5862 29.399 1
22.1857 29.5497 1
22.7887 29.5189 1
23.4616 29.3541 1
24.1665 29.5212 1
24.7384 29.2114 1
25.189 29.2768 1
25.9543 29.395 1
26.3311 29.3835 1
27.1149 29.5679 1
27.6521 29.548 1
28.2463 29.4553 1
28.8844 29.3761 1
29.3036 29.4832 1
30.1219 29.537 1
30.7345 29.5822 1
31.0271 29.4599 1
31.644 29.514 1
32.3608 29.4415 1
33.1806 29.516 1
33.5218 29.3637 1
34.3053 29.5441 1
34.6844 29.4459 1
35.278 29.4506 1
36.1582 29.3312 1
36.4595 29.4751 1
37.0963 29.345 1
37.6718 29.3491 1
38.5374 29.4824 1
39.0385 29.2182 1
39.7571 29.2299 1
0.193623 29.8175 1
0.50926 30.1278 1
1.34388 29.8191 1
1.62011 30.1911 1
2.21616 29.8138 1
2.90769 30.1669 1
3.79818 29.972 1
4.39006 29.9922 1
4.74351 30.0907 1
5.34877 30.1854 1
5.9616 30.1715 1
6.41617 29.9561 1
7.13853 30.0492 1
7.62298 29.9493 1
8.39223 29.8752 1
9.1886 30.1821 1
9.72685 29.9192 1
10.2736 30.1976 1
10.9989 30.0747 1
11.5692 30.0604 1
12.1452 30.1121 1
12.7167 30.1002 1
13.3694 29.8216 1
13.9406 29.8486 1
14.331 30.1515 1
14.8299 30.0791 1
15.4095 30.0518 1
16.0568 30.0577 1
16.8317 29.9246 1
17.5547 29.8602 1
17.8576 30.1441 1
18.5267 29.9303 1
19.0639 29.9545 1
19.8051 30.0534 1
20.5954 29.8504 1
21.0685 29.9009 1
21.5684 30.0693 1
22.1101 29.9322 1
22.6334 29.9305 1
23.2988 30.0945 1
23.8058 29.8199 1
24.4126 30.025 1
25.0766 30.0237 1
25.7112 30.0763 1
26.4304 30.1747 1
27.1945 30.0936 1
27.562 30.1466 1
28.1735 30.0587 1
28.9584 29.9136 1
29.444 30.0753 1
29.8376 30.1596 1
30.6682 30.182 1
31.2356 30.1049 1
31.9255 29.8065 1
32.5547 30.0755 1
33.0469 30.06 1
33.5325 29.8254 1
34.1433 29.8127 1
34.931 29.8625 1
35.5964 30.085 1
35.8229 30.1172 1
36.5672 30.1125 1
37.313 30.0321 1
37.8169 29.8397 1
38.3411 29.9392 1
39.116 30.0228 1
39.7711 29.9222 1
-0.00986296 30.4332 1
0.611648 30.7733 1
1.025 30.5666 1
1.9884 30.6081 1
2.587 30.7796 1
2.83022 30.7435 1
3.56544 30.6256 1
4.27106 30.4546 1
4.63044 30.7373 1
5.22362 30.5088 1
6.00707 30.6981 1
6.53579 30.5476 1
7.12595 30.4365 1
7.72531 30.5297 1
8.45424 30.6686 1
9.14127 30.4495 1
9.42641 30.6623 1
10.3505 30.4143 1
10.7342 30.7972 1
11.3664 30.6554 1
11.9906 30.4656 1
12.6411 30.5507 1
13.3375 30.7697 1
13.6144 30.6823 1
14.4053 30.7861 1
14.9587 30.5715 1
15.4445 30.4027 1
16.2081 30.4826 1
16.6154 30.4704 1
17.3872 30.4525 1
18.1592 30.4302 1
18.7262 30.4374 1
19.1608 30.5422 1
19.7924 30.5947 1
20.4733 30.6334 1
21.0233 30.6472 1
21.7011 30.7712 1
22.3138 30.7011 1
22.6903 30.7202 1
23.5492 30.6063 1
23.8463 30.5513 1
24.6708 30.4455 1
25.388 30.702 1
25.7597 30.4391 1
26.2135 30.4182 1
26.9984 30.6768 1
27.5945 30.4837 1
28.2577 30.4016 1
28.8353 30.4606 1
29.3697 30.7037 1
30.0182 30.5817 1
30.7074 30.5559 1
31.1135 30.5695 1
31.7833 30.7119 1
32.2812 30.5032 1
32.8064 30.6146 1
33.7335 30.6678 1
34.0491 30.7164 1
34.6322 30.463 1
35.2511 30.4529 1
36.1628 30.7163 1
36.4895 30.4182 1
37.2592 30.5239 1
37.6553 30.6201 1
38.2994 30.5353 1
38.884 30.7206 1
39.52 30.7658 1
-0.0686345 31.2606 1
0.404508 31.173 1
1.24343 31.1394 1
1.63205 31.2664 1
2.34015 31.3071 1
3.03027 31.1358 1
3.41466 31.0057 1
4.0991 31.0017 1
4.80024 31.292 1
5.50622 31.2916 1
6.12975 31.0435 1
6.76678 31.0682 1
7.28144 31.1899 1
7.7937 31.3845 1
8.34625 31.065 1
8.82108 31.2052 1
9.64015 31.1212 1
10.3951 31.3963 1
10.6505 31.2582 1
11.5753 31.1199 1
12.1352 31.1895 1
12.406 31.0247 1
13.1987 31.3805 1
13.9621 31.0642 1
14.4926 31.2952 1
15.0115 31.2661 1
15.5995 31.3487 1
16.0713 31.2988 1
16.8509 31.0319 1
17.4206 31.246 1
18.1477 31.1565 1
18.7994 31.086 1
19.3452 31.3516 1
19.8162 31.2413 1
20.3578 31.3151 1
20.9865 31.0226 1
21.6564 31.3164 1
22.2099 31.0741 1
22.8465 31.0884 1
23.2946 31.1499 1
24.1095 31.2309 1
24.6109 31.2024 1
25.0759 31.3485 1
25.8892 31.2044 1
26.2453 31.3639 1
27.0668 31.1188 1
27.6067 31.1807 1
28.0009 31.1797 1
28.8932 31.3099 1
29.2616 31.2244 1
29.9165 31.2392 1
30.4501 31.2401 1
31.3183 31.1521 1
31.8042 31.2956 1
32.3081 31.0522 1
33.0526 31.0184 1
33.4895 31.3485 1
34.2695 31.0819 1
34.7917 31.2762 1
35.5025 31.331 1
36.0043 31.2593 1
36.4035 31.2739 1
37.3489 31.1926 1
37.8305 31.3823 1
38.2629 31.2541 1
38.914 31.127 1
39.643 31.0172 1
-0.113015 31.9637 1
0.667786 31.8793 1
1.15814 31.9408 1
1.94986 31.6633 1
2.43217 31.6154 1
2.9163 31.7897 1
3.68317 31.6903 1
4.15355 31.8558 1
4.7316 31.7407 1
5.51497 31.6989 1
5.80127 31.8085 1
6.46444 31.7687 1
7.31383 31.6973 1
7.61464 31.6734 1
8.58401 31.6391 1
8.96222 31.6412 1
9.53441 31.8691 1
10.0021 31.7817 1
10.6117 31.6281 1
11.4526 31.6269 1
12.0885 31.8261 1
12.5553 31.8138 1
13.2729 31.8358 1
13.7968 31.9579 1
14.4086 31.6871 1
14.8682 31.6735 1
15.4886 31.8974 1
16.2737 31.964 1
16.8805 31.9708 1
17.4382 31.7919 1
17.9062 31.6777 1
18.7224 31.6292 1
19.053 31.7155 1
19.9739 31.6096 1
20.5746 31.9335 1
21.0259 31.9168 1
21.793 31.8142 1
22.1281 31.9461 1
22.6578 31.6396 1
23.495 31.8812 1
24.1027 31.9702 1
24.4638 31.9326 1
25.0059 31.6271 1
25.641 31.7759 1
26.5189 31.9414 1
27.0623 31.8086 1
27.5096 31.9798 1
28.0108 31.925 1
28.6287 31.9715 1
29.2516 31.6628 1
29.9314 31.8088 1
30.6595 31.7924 1
31.3599 31.9989 1
31.8034 31.7177 1
32.2331 31.8657 1
33.0458 31.9596 1
33.449 31.7803 1
34.0886 31.6635 1
34.6774 31.867 1
35.3851 31.8537 1
36.0594 31.6288 1
36.5945 31.8522 1
37.2225 31.8984 1
37.9479 31.8188 1
38.4446 31.9427 1
38.8714 31.6658 1
39.4654 31.9178 1
0.184944 32.347 1
0.754075 32.3381 1
1.16135 32.3729 1
1.89712 32.333 1
2.56689 32.5996 1
3.18695 32.4229 1
3.49284 32.5848 1
4.10868 32.3682 1
4.70146 32.2218 1
5.55218 32.4921 1
6.14605 32.2693 1
6.47402 32.2124 1
7.26226 32.3395 1
7.7644 32.4312 1
8.5483 32.4544 1
9.08692 32.455 1
9.44025 32.3141 1
10.2241 32.4371 1
10.9491 32.2146 1
11.2653 32.2982 1
12.1158 32.2632 1
12.7803 32.4914 1
13.0827 32.4121 1
13.8864 32.4801 1
14.2376 32.415 1
15.1443 32.5338 1
15.7 32.5892 1
16.2487 32.3419 1
16.951 32.4971 1
17.4781 32.3494 1
17.85 32.4364 1
18.6857 32.2052 1
19.2734 32.3857 1
19.7863 32.371 1
20.2329 32.2153 1
20.8775 32.2292 1
21.5735 32.2219 1
22.1562 32.5539 1
22.7653 32.2999 1
23.482 32.284 1
23.9343 32.3755 1
24.5687 32.4454 1
25.2751 32.5145 1
25.9028 32.3347 1
26.4141 32.4093 1
27.1391 32.3294 1
27.7372 32.5106 1
28.2246 32.5111 1
28.6993 32.4288 1
29.3153 32.526 1
30.1892 32.2542 1
30.598 32.5243 1
31.215 32.4147 1
31.9418 32.2534 1
32.3084 32.4922 1
32.9019 32.5039 1
33.7819 32.2124 1
34.2963 32.3216 1
34.8236 32.3757 1
35.3528 32.5349 1
36.0317 32.2679 1
36.6582 32.5361 1
37.0405 32.2398 1
37.926 32.5644 1
38.4718 32.4478 1
39.1056 32.2589 1
39.5862 32.2686 1
0.163014 33.18 1
0.727179 32.8973 1
1.04316 33.0148 1
1.84274 32.8776 1
2.35145 33.0708 1
3.1396 33.187 1
3.7665 32.9903 1
4.12455 32.8709 1
4.94217 32.9019 1
5.53991 32.9474 1
5.80744 32.9697 1
6.50522 32.9023 1
7.3674 32.9499 1
7.78943 32.8679 1
8.27471 33.1854 1
9.10465 33.0281 1
9.58672 32.9219 1
10.3508 33.1564 1
10.8918 33.006 1
11.2761 32.9858 1
12.1552 32.9194 1
12.7374 33.0753 1
13.2639 32.9047 1
13.7592 33.1341 1
14.5733 32.9495 1
14.9797 33.1399 1
15.7068 32.9536 1
16.095 33.1175 1
16.8229 33.1043 1
17.573 33.0229 1
18.1047 32.8028 1
18.5628 33.1349 1
19.0052 33.1342 1
19.9484 33.0606 1
20.4081 33.1533 1
21.0745 32.8391 1
21.7186 32.9542 1
22.3273 32.9897 1
22.6794 33.0568 1
23.3999 32.9402 1
23.9252 33.1938 1
24.5484 33.1478 1
25.2097 33.101 1
25.8839 32.9975 1
26.3058 33.0949 1
27.1592 33.1278 1
27.7279 33.1907 1
28.2321 33.1763 1
28.8676 33.0065 1
29.5927 33.1041 1
30.1798 32.8459 1
30.434 33.0234 1
31.3309 33.1449 1
31.6574 32.9963 1
32.2169 33.1358 1
33.0023 32.8638 1
33.5125 33.1683 1
34.2404 32.839 1
34.9913 33.0601 1
35.3531 32.9834 1
35.9792 32.9467 1
36.6807 33.0338 1
37.375 33.0229 1
37.6248 33.0584 1
38.5872 33.1813 1
38.8886 32.8285 1
39.6404 32.8 1
0.101691 33.5187 1
0.67396 33.4453 1
1.31147 33.4387 1
1.87587 33.4771 1
2.51785 33.5418 1
2.83808 33.4623 1
3.45216 33.6857 1
4.03911 33.4831 1
4.86646 33.7497 1
5.50651 33.6346 1
5.84934 33.5145 1
6.67163 33.466 1
7.0413 33.4505 1
7.86261 33.4682 1
8.54321 33.695 1
9.04737 33.41 1
9.638 33.4621 1
10.0845 33.773 1
10.7515 33.5114 1
11.3091 33.6751 1
11.855 33.5484 1
12.7131 33.7607 1
13.338 33.6954 1
13.8551 33.4904 1
14.2238 33.7869 1
14.8407 33.4041 1
15.5289 33.7089 1
16.1464 33.5196 1
16.8721 33.4545 1
17.3539 33.6337 1
17.9674 33.7485 1
18.4226 33.4818 1
19.2801 33.6133 1
19.7385 33.7716 1
20.2163 33.4794 1
20.8571 33.7115 1
21.5492 33.6348 1
22.3025 33.6577 1
22.6953 33.6374 1
23.2518 33.6449 1
24.1013 33.5845 1
24.4681 33.575 1
25.3904 33.4397 1
25.9826 33.7817 1
26.5023 33.6817 1
27.1962 33.4939 1
27.5358 33.4747 1
28.2464 33.4972 1
28.6895 33.5521 1
29.2422 33.6316 1
30.1937 33.4787 1
30.6625 33.5763 1
31.3977 33.5496 1
31.936 33.5561 1
32.5725 33.6116 1
32.8466 33.7851 1
33.4982 33.5484 1
34.2905 33.543 1
34.9185 33.7454 1
35.4398 33.5101 1
36.0955 33.4239 1
36.4286 33.5767 1
37.0273 33.5257 1
37.6651 33.4817 1
38.5755 33.5141 1
38.916 33.7582 1
39.7159 33.5338 1
0.185199 34.0363 1
0.41732 34.3022 1
1.06995 34.0505 1
1.9067 34.2994 1
2.52135 34.1464 1
2.84488 34.3385 1
3.46855 34.1143 1
4.16872 34.0588 1
4.84882 34.2955 1
5.43551 34.2405 1
5.83643 34.2674 1
6.5003 34.1292 1
7.34843 34.0578 1
7.8041 34.2931 1
8.28261 34.0939 1
9.00649 34.11 1
9.62228 34.2267 1
10.1204 34.3469 1
10.8555 34.3734 1
11.5091 34.0298 1
11.9583 34.2889 1
12.4553 34.1959 1
13.1883 34.3852 1
13.8567 34.0669 1
14.5959 34.1848 1
14.8521 34.1947 1
15.5266 34.3208 1
16.2414 34.025 1
16.8202 34.3871 1
17.5778 34.16 1
18.0565 34.2195 1
18.5125 34.0114 1
19.1052 34.0349 1
19.6362 34.2619 1
20.2847 34.3857 1
21.1432 34.161 1
21.6875 34.0275 1
22.3711 34.37 1
22.673 34.2553 1
23.4102 34.3136 1
24.1786 34.1807 1
24.5672 34.3295 1
25.0644 34.374 1
25.9275 34.0145 1
26.3648 34.2934 1
27.0036 34.1809 1
27.4926 34.0295 1
28.0364 34.0034 1
28.6451 34.0401 1
29.3193 34.0888 1
30.193 34.3456 1
30.7268 34.1111 1
31.053 34.2928 1
31.8208 34.141 1
32.2151 34.341 1
32.9129 34.0328 1
33.7488 34.3455 1
34.0618 34.2739 1
34.7377 34.2837 1
35.5735 34.1092 1
35.8577 34.0138 1
36.7877 34.3034 1
37.035 34.3135 1
37.8717 34.2341 1
38.4673 34.0214 1
38.8591 34.3351 1
39.7737 34.202 1
0.131621 34.9582 1
0.650894 34.967 1
1.07602 34.6899 1
1.72981 34.7826 1
2.42369 34.6358 1
2.98105 34.7451 1
3.65814 34.8179 1
4.02529 34.7735 1
4.80311 34.6015 1
5.26495 34.643 1
5.93763 34.9844 1
6.61764 34.8215 1
7.1955 34.7373 1
7.98169 34.9176 1
8.44156 34.8879 1
8.88958 34.9867 1
9.76792 34.947 1
10.2817 34.856 1
10.6747 34.6549 1
11.4937 34.8497 1
11.818 34.759 1
12.7762 34.8001 1
13.1746 34.7966 1
13.9799 34.6359 1
14.3087 34.9378 1
15.1149 34.9801 1
15.5667 34.7057 1
16.0413 34.8509 1
16.9862 34.6786 1
17.5618 34.6159 1
18.0861 34.9207 1
18.6706 34.8825 1
19.0426 34.7884 1
19.6476 34.7178 1
20.3884 34.6902 1
20.8149 34.7961 1
21.7355 34.9808 1
22.0193 34.9952 1
22.7579 34.9318 1
23.361 34.808 1
24.0984 34.6165 1
24.5177 34.9317 1
25.2548 34.7993 1
25.705 34.7836 1
26.3531 34.8793 1
27.0436 34.9917 1
27.6937 34.9145 1
28.2368 34.9501 1
28.6737 34.9939 1
29.4103 34.7011 1
30.0693 34.9625 1
30.4243 34.9126 1
31.0221 34.6825 1
31.749 34.9067 1
32.2882 34.939 1
33.1692 34.7207 1
33.4153 34.84 1
34.2187 34.9012 1
34.8053 34.9802 1
35.4996 34.8361 1
35.8485 34.654 1
36.7759 34.7878 1
37.137 34.6595 1
37.977 34.9062 1
38.3248 34.7875 1
38.9664 34.6565 1
39.6401 34.8521 1
0.187771 35.2614 1
0.715379 35.3774 1
1.15313 35.5746 1
1.8458 35.5922 1
2.52827 35.5777 1
3.16874 35.4349 1
3.57108 35.2868 1
4.033 35.439 1
4.64429 35.2083 1
5.42881 35.2008 1
6.07677 35.3162 1
6.48019 35.409 1
7.1071 35.5789 1
7.83048 35.3091 1
8.52782 35.3322 1
9.15675 35.5655 1
9.57111 35.4901 1
10.1131 35.595 1
10.813 35.4939 1
11.5153 35.381 1
11.8976 35.2114 1
12.6347 35.5957 1
13.1133 35.2554 1
13.8349 35.3105 1
14.4068 35.2582 1
14.9299 35.4904 1
15.744 35.542 1
16.2791 35.2791 1
16.8858 35.2993 1
17.3747 35.598 1
18.1097 35.4754 1
18.5253 35.5612 1
19.0333 35.4272 1
19.9807 35.4078 1
20.5697 35.586 1
21.1476 35.4557 1
21.5026 35.2005 1
22.0621 35.2537 1
22.8523 35.2904 1
23.5735 35.3494 1
24.1812 35.4506 1
24.5419 35.4721 1
25.2067 35.3854 1
25.69 35.4087 1
26.4781 35.3513 1
26.9351 35.2525 1
27.7768 35.499 1
28.085 35.2317 1
28.9838 35.2698 1
29.4988 35.2616 1
29.8365 35.5399 1
30.6911 35.3747 1
31.1298 35.5398 1
31.9729 35.3259 1
32.5765 35.3097 1
32.9885 35.2672 1
33.6352 35.3254 1
34.398 35.5078 1
34.843 35.4114 1
35.2536 35.5527 1
35.9032 35.3534 1
36.6819 35.5426 1
37.094 35.2547 1
37.7045 35.3244 1
38.4968 35.5307 1
39.092 35.3348 1
39.686 35.3009 1
-0.118384 35.9225 1
0.471071 35.8857 1
1.17778 36.0651 1
1.87332 35.9334 1
2.33006 36.1679 1
2.9922 36.1559 1
3.59328 35.8578 1
4.37329 36.1474 1
4.89365 35.8933 1
5.56716 36.1996 1
5.82621 35.9306 1
6.43009 35.8995 1
7.38807 36.0138 1
7.70219 36.1177 1
8.55052 35.8533 1
9.01489 35.9221 1
9.4869 35.9008 1
10.0872 35.9863 1
10.6785 36.0033 1
11.4008 35.9352 1
11.9564 35.8525 1
12.6932 35.863 1
13.3613 35.8251 1
13.8665 35.9202 1
14.2566 35.9408 1
15.0439 35.9262 1
15.4919 35.938 1
16.3021 36.1088 1
16.6564 36.1054 1
17.5461 35.8788 1
17.9292 36.0329 1
18.7477 35.8107 1
19.1939 36.0751 1
19.9909 35.8223 1
20.2212 35.9004 1
20.8661 35.8328 1
21.6914 35.8892 1
22.0883 36.0692 1
22.8325 36.0384 1
23.2494 35.8601 1
23.8453 35.9581 1
24.6378 36.0279 1
25.2533 35.9829 1
25.7262 35.803 1
26.553 35.8121 1
26.9426 35.942 1
27.4035 36.0063 1
28.1464 35.8917 1
28.8784 35.8437 1
29.3941 35.8333 1
30.0529 35.9384 1
30.5568 35.9535 1
31.2305 36.1441 1
31.7445 36.0488 1
32.5029 36.1001 1
33.0776 35.9458 1
33.6628 36.1075 1
34.3713 35.8942 1
34.7501 35.8084 1
35.4289 35.9574 1
35.8721 35.8694 1
36.4744 35.8606 1
37.1736 36.1794 1
37.8179 36.0489 1
38.2769 35.9898 1
38.9614 36.0637 1
39.5577 35.9078 1
-0.162991 36.4132 1
0.657449 36.5365 1
1.37407 36.5423 1
1.94262 36.4321 1
2.52738 36.6978 1
3.17027 36.6914 1
3.7897 36.4325 1
4.11657 36.4555 1
4.91434 36.7278 1
5.24775 36.5886 1
5.81395 36.7956 1
6.50294 36.4401 1
7.08384 36.6594 1
7.62008 36.6161 1
8.42964 36.6863 1
9.11558 36.7317 1
9.49159 36.5664 1
10.0562 36.5418 1
10.9087 36.4862 1
11.4124 36.6966 1
11.921 36.5024 1
12.5192 36.6739 1
13.1466 36.7946 1
13.8703 36.7207 1
14.2516 36.69 1
14.875 36.6238 1
15.448 36.5851 1
16.3243 36.5921 1
16.7649 36.6751 1
17.4695 36.429 1
18.0894 36.5872 1
18.6856 36.6385 1
19.2859 36.5121 1
19.8162 36.704 1
20.3755 36.7137 1
21.174 36.6882 1
21.5195 36.7438 1
22.3163 36.4383 1
22.9366 36.74 1
23.4198 36.5824 1
23.8321 36.4586 1
24.7095 36.5089 1
25.1384 36.7079 1
25.6955 36.667 1
26.4947 36.4668 1
27.0631 36.7156 1
27.5062 36.4194 1
28.2918 36.7345 1
28.6299 36.7797 1
29.2679 36.4729 1
30.1073 36.6551 1
30.4063 36.475 1
31.3663 36.7616 1
31.7669 36.677 1
32.5359 36.562 1
33.0328 36.6822 1
33.7034 36.5426 1
34.3736 36.4888 1
34.847 36.6993 1
35.334 36.5042 1
36.0081 36.7718 1
36.5262 36.4781 1
37.1757 36.5494 1
37.7508 36.6535 1
38.2913 36.5528 1
39.1678 36.7303 1
39.5962 36.6347 1
-0.142527 37.3553 1
0.597878 37.1432 1
1.33675 37.166 1
1.62757 37.1399 1
2.24322 37.0648 1
2.88901 37.319 1
3.42159 37.1069 1
4.33021 37.1561 1
4.85856 37.0002 1
5.35775 37.0572 1
5.95138 37.2661 1
6.72787 37.0597 1
7.35169 37.1295 1
7.737 37.0931 1
8.49631 37.0061 1
9.06244 37.0726 1
9.64528 37.0739 1
10.0203 37.3528 1
10.6166 37.1252 1
11.2076 37.0968 1
12.0491 37.3693 1
12.581 37.2534 1
13.0971 37.0524 1
13.8041 37.2007 1
14.3459 37.225 1
15.0079 37.1003 1
15.4109 37.33 1
16.1248 37.3908 1
16.9695 37.0499 1
17.4931 37.3493 1
17.9917 37.2539 1
18.6141 37.0244 1
19.2431 37.2994 1
19.957 37.3854 1
20.2546 37.0591 1
21.1653 37.0817 1
21.6541 37.1842 1
22.1528 37.2766 1
22.9518 37.3134 1
23.3162 37.2575 1
24.1412 37.3027 1
24.6653 37.0172 1
25.3779 37.3339 1
25.6962 37.1657 1
26.5649 37.1058 1
26.8048 37.2971 1
27.7243 37.3923 1
28.2296 37.3315 1
28.6639 37.0567 1
29.2563 37.3071 1
29.9199 37.3779 1
30.4669 37.2126 1
31.0034 37.3097 1
31.8138 37.1368 1
32.5987 37.0552 1
32.8719 37.2165 1
33.6603 37.2687 1
34.213 37.1096 1
34.9893 37.3519 1
35.5246 37.1886 1
36.1237 37.3348 1
36.4818 37.2635 1
37.1291 37.2522 1
37.8153 37.1255 1
38.2268 37.396 1
39.1084 37.3016 1
39.6915 37.255 1
0.0602001 37.9824 1
0.417446 37.6082 1
1.38413 37.753 1
1.7188 37.8388 1
2.53505 37.8999 1
2.87836 37.7326 1
3.57176 37.9874 1
4.00378 37.938 1
4.85061 37.9661 1
5.28234 37.8014 1
6.09517 37.6844 1
6.67694 37.7252 1
7.29696 37.8488 1
7.77785 37.8647 1
8.3858 37.9746 1
8.93654 37.681 1
9.59219 37.7971 1
10.2177 37.8482 1
10.7967 37.8312 1
11.2876 37.7462 1
11.9175 37.7927 1
12.4461 37.6074 1
13.3496 37.9365 1
13.8582 37.6911 1
14.4041 37.7813 1
14.9851 37.6834 1
15.6533 37.8016 1
16.2157 37.7207 1
16.6525 37.6448 1
17.2013 37.8035 1
17.8007 37.9723 1
18.604 37.6841 1
19.3438 37.9416 1
19.8962 37.868 1
20.307 37.6143 1
21.1135 37.9564 1
21.5836 37.8954 1
22.0768 37.8491 1
22.7256 37.603 1
23.5506 37.7635 1
24.1772 37.8844 1
24.6874 37.9199 1
25.2812 37.7185 1
25.8338 37.8257 1
26.4258 37.7306 1
26.9658 37.9048 1
27.6581 37.8401 1
28.34 37.7904 1
28.786 37.6473 1
29.4215 37.6309 1
30.0419 37.7145 1
30.7716 37.614 1
31.3302 37.7465 1
31.7527 37.7273 1
32.5782 37.6837 1
33.1494 37.9338 1
33.5731 37.8402 1
34.0415 37.9141 1
34.7421 37.6304 1
35.3606 37.7932 1
35.8863 37.8308 1
36.677 37.9471 1
37.1121 37.8582 1
37.9602 37.814 1
38.3626 37.9783 1
39.0181 37.7299 1
39.7824 37.9974 1
-0.108924 38.5173 1
0.415478 38.3308 1
1.36064 38.2059 1
1.70048 38.5079 1
2.50445 38.2211 1
3.00971 38.3726 1
3.67309 38.4867 1
4.20227 38.2049 1
4.7997 38.5834 1
5.51394 38.2338 1
6.06249 38.2579 1
6.48387 38.2008 1
7.05719 38.5519 1
7.94348 38.2879 1
8.53558 38.3396 1
9.06488 38.4008 1
9.58098 38.2543 1
10.1935 38.4859 1
10.6621 38.5876 1
11.3665 38.3845 1
12.0243 38.408 1
12.6114 38.4684 1
13.2618 38.4842 1
13.7492 38.2231 1
14.2139 38.2928 1
15.0536 38.2254 1
15.441 38.2328 1
16.3375 38.2835 1
16.9228 38.274 1
17.5699 38.5683 1
17.9168 38.4694 1
18.5847 38.2835 1
19.3706 38.5474 1
19.908 38.2778 1
20.4601 38.4302 1
20.9888 38.2558 1
21.5152 38.4283 1
22.3805 38.4634 1
22.8956 38.5469 1
23.4014 38.4283 1
23.9083 38.3791 1
24.7425 38.2953 1
25.1568 38.2278 1
25.8965 38.2643 1
26.2135 38.4764 1
27.1546 38.5263 1
27.5218 38.2463 1
28.2179 38.3037 1
28.779 38.3834 1
29.3255 38.2732 1
29.8557 38.3487 1
30.7714 38.2021 1
31.041 38.4904 1
31.9168 38.2472 1
32.5137 38.3933 1
33.0825 38.4425 1
33.6017 38.2315 1
34.1858 38.4069 1
34.9131 38.4858 1
35.5214 38.5525 1
35.9734 38.5079 1
36.5844 38.3699 1
37.1054 38.5375 1
37.9179 38.394 1
38.3317 38.3812 1
39.017 38.2267 1
39.5231 38.3341 1
-0.104239 39.0608 1
0.742401 39.141 1
1.26528 38.9068 1
1.86121 38.9545 1
2.30791 39.1753 1
2.85262 39.1977 1
3.55525 38.8644 1
4.06729 38.9825 1
4.85986 39.1338 1
5.25023 39.0938 1
6.05294 39.1567 1
6.57707 38.8128 1
7.1842 38.9796 1
7.96724 38.949 1
8.49842 39.1374 1
8.94895 39.0596 1
9.47863 39.1197 1
10.3534 38.9959 1
10.6311 39.1863 1
11.3683 39.0603 1
12.023 38.9572 1
12.6619 39.0462 1
13.1136 38.8356 1
13.9907 39.1911 1
14.4156 38.8087 1
14.9328 39.0812 1
15.7195 39.1815 1
16.0501 38.8702 1
16.8855 39.0628 1
17.4933 38.9319 1
17.9918 39.1324 1
18.7711 39.1652 1
19.2806 39.0718 1
19.9479 38.9567 1
20.245 38.8455 1
21.1232 39.1463 1
21.6798 38.8589 1
22.0853 38.8204 1
22.988 38.9452 1
23.2264 38.8375 1
24.0499 38.9331 1
24.5949 38.9474 1
25.0757 38.9161 1
25.8724 39.0142 1
26.4322 39.036 1
27.1244 38.8105 1
27.5808 39.038 1
28.0758 38.9 1
28.7426 39.1215 1
29.2293 39.0827 1
29.9721 38.9188 1
30.6937 38.9164 1
31.3979 39.0039 1
31.8357 39.0206 1
32.5469 39.0697 1
33.1091 39.1996 1
33.6557 39.1291 1
34.3567 39.1824 1
34.972 39.1492 1
35.2569 39.0635 1
36.1659 39.0909 1
36.6369 38.8454 1
37.3897 39.0762 1
37.9161 38.8911 1
38.5441 38.8097 1
38.9399 39.1374 1
39.4936 38.9879 1
-0.0240195 39.5047 1
0.43608 39.792 1
1.39937 39.5995 1
1.93793 39.4243 1
2.47616 39.54 1
2.89082 39.4244 1
3.78177 39.477 1
4.15567 39.7897 1
4.73176 39.4069 1
5.51449 39.4393 1
6.12366 39.4791 1
6.72702 39.6511 1
7.16992 39.615 1
7.73085 39.4387 1
8.27405 39.5474 1
8.891 39.5812 1
9.7686 39.5767 1
10.1094 39.7044 1
10.6627 39.7381 1
11.2907 39.5083 1
12.1953 39.5776 1
12.6635 39.6885 1
13.3686 39.5063 1
13.7114 39.5498 1
14.2611 39.7937 1
15.1953 39.6503 1
15.5982 39.4948 1
16.1058 39.7096 1
16.7979 39.421 1
17.3209 39.531 1
17.9237 39.4438 1
18.7024 39.6494 1
19.1378 39.62 1
19.9272 39.413 1
20.553 39.7036 1
21.1296 39.7366 1
21.4684 39.7504 1
22.3456 39.6695 1
22.8408 39.6281 1
23.4896 39.7927 1
24.0511 39.5973 1
24.5276 39.6109 1
25.3819 39.704 1
25.814 39.6587 1
26.5343 39.5791 1
26.8295 39.5223 1
27.4252 39.6804 1
28.3012 39.4381 1
28.8228 39.4488 1
29.3225 39.4428 1
30.1697 39.5389 1
30.4457 39.5583 1
31.0736 39.5169 1
31.7897 39.7908 1
32.3435 39.6858 1
32.9396 39.4229 1
33.4647 39.7233 1
34.2155 39.7936 1
34.9333 39.4482 1
35.5362 39.4286 1
36.1737 39.737 1
36.5236 39.6807 1
37.0996 39.5742 1
37.7767 39.7653 1
38.4095 39.7822 1
38.89 39.7245 1
39.7952 39.4168 1
