0 41 40
0 1 41
1 42 41
1 2 42
2 43 42
2 3 43
3 44 43
3 4 44
4 45 44
4 5 45
5 46 45
5 6 46
6 47 46
6 7 47
7 48 47
7 8 48
8 49 48
8 9 49
9 50 49
9 10 50
10 51 50
10 11 51
11 52 51
11 12 52
12 53 52
12 13 53
13 54 53
13 14 54
14 55 54
14 15 55
15 56 55
15 16 56
16 57 56
16 17 57
17 58 57
17 18 58
18 59 58
18 19 59
19 60 59
19 20 60
20 61 60
20 21 61
21 62 61
21 22 62
22 63 62
22 23 63
23 64 63
23 24 64
24 65 64
24 25 65
25 66 65
25 26 66
26 67 66
26 27 67
27 68 67
27 28 68
28 69 68
28 29 69
29 70 69
29 30 70
30 71 70
30 31 71
31 72 71
31 32 72
32 73 72
32 33 73
33 74 73
33 34 74
34 75 74
34 35 75
35 76 75
35 36 76
36 77 76
36 37 77
37 78 77
37 38 78
38 79 78
38 39 79
40 81 80
40 41 81
41 82 81
41 42 82
42 83 82
42 43 83
43 84 83
43 44 84
44 85 84
44 45 85
45 86 85
45 46 86
46 87 86
46 47 87
47 88 87
47 48 88
48 89 88
48 49 89
49 90 89
49 50 90
50 91 90
50 51 91
51 92 91
51 52 92
52 93 92
52 53 93
53 94 93
53 54 94
54 95 94
54 55 95
55 96 95
55 56 96
56 97 96
56 57 97
57 98 97
57 58 98
58 99 98
58 59 99
59 100 99
59 60 100
60 101 100
60 61 101
61 102 101
61 62 102
62 103 102
62 63 103
63 104 103
63 64 104
64 105 104
64 65 105
65 106 105
65 66 106
66 107 106
66 67 107
67 108 107
67 68 108
68 109 108
68 69 109
69 110 109
69 70 110
70 111 110
70 71 111
71 112 111
71 72 112
72 113 112
72 73 113
73 114 113
73 74 114
74 115 114
74 75 115
75 116 115
75 76 116
76 117 116
76 77 117
77 118 117
77 78 118
78 119 118
78 79 119
80 121 120
80 81 121
81 122 121
81 82 122
82 123 122
82 83 123
83 124 123
83 84 124
84 125 124
84 85 125
85 126 125
85 86 126
86 127 126
86 87 127
87 128 127
87 88 128
88 129 128
88 89 129
89 130 129
89 90 130
90 131 130
90 91 131
91 132 131
91 92 132
92 133 132
92 93 133
93 134 133
93 94 134
94 135 134
94 95 135
95 136 135
95 96 136
96 137 136
96 97 137
97 138 137
97 98 138
98 139 138
98 99 139
99 140 139
99 100 140
100 141 140
100 101 141
101 142 141
101 102 142
102 143 142
102 103 143
103 144 143
103 104 144
104 145 144
104 105 145
105 146 145
105 106 146
106 147 146
106 107 147
107 148 147
107 108 148
108 149 148
108 109 149
109 150 149
109 110 150
110 151 150
110 111 151
111 152 151
111 112 152
112 153 152
112 113 153
113 154 153
113 114 154
114 155 154
114 115 155
115 156 155
115 116 156
116 157 156
116 117 157
117 158 157
117 118 158
118 159 158
118 119 159
120 161 160
120 121 161
121 162 161
121 122 162
122 163 162
122 123 163
123 164 163
123 124 164
124 165 164
124 125 165
125 166 165
125 126 166
126 167 166
126 127 167
127 168 167
127 128 168
128 169 168
128 129 169
129 170 169
129 130 170
130 171 170
130 131 171
131 172 171
131 132 172
132 173 172
132 133 173
133 174 173
133 134 174
134 175 174
134 135 175
135 176 175
135 136 176
136 177 176
136 137 177
137 178 177
137 138 178
138 179 178
138 139 179
139 180 179
139 140 180
140 181 180
140 141 181
141 182 181
141 142 182
142 183 182
142 143 183
143 184 183
143 144 184
144 185 184
144 145 185
145 186 185
145 146 186
146 187 186
146 147 187
147 188 187
147 148 188
148 189 188
148 149 189
149 190 189
149 150 190
150 191 190
150 151 191
151 192 191
151 152 192
152 193 192
152 153 193
153 194 193
153 154 194
154 195 194
154 155 195
155 196 195
155 156 196
156 197 196
156 157 197
157 198 197
157 158 198
158 199 198
158 159 199
160 201 200
160 161 201
161 202 201
161 162 202
162 203 202
162 163 203
163 204 203
163 164 204
164 205 204
164 165 205
165 206 205
165 166 206
166 207 206
166 167 207
167 208 207
167 168 208
168 209 208
168 169 209
169 210 209
169 170 210
170 211 210
170 171 211
171 212 211
171 172 212
172 213 212
172 173 213
173 214 213
173 174 214
174 215 214
174 175 215
175 216 215
175 176 216
176 217 216
176 177 217
177 218 217
177 178 218
178 219 218
178 179 219
179 220 219
179 180 220
180 221 220
180 181 221
181 222 221
181 182 222
182 223 222
182 183 223
183 224 223
183 184 224
184 225 224
184 185 225
185 226 225
185 186 226
186 227 226
186 187 227
187 228 227
187 188 228
188 229 228
188 189 229
189 230 229
189 190 230
190 231 230
190 191 231
191 232 231
191 192 232
192 233 232
192 193 233
193 234 233
193 194 234
194 235 234
194 195 235
195 236 235
195 196 236
196 237 236
196 197 237
197 238 237
197 198 238
198 239 238
198 199 239
200 241 240
200 201 241
201 242 241
201 202 242
202 243 242
202 203 243
203 244 243
203 204 244
204 245 244
204 205 245
205 246 245
205 206 246
206 247 246
206 207 247
207 248 247
207 208 248
208 249 248
208 209 249
209 250 249
209 210 250
210 251 250
210 211 251
211 252 251
211 212 252
212 253 252
212 213 253
213 254 253
213 214 254
214 255 254
214 215 255
215 256 255
215 216 256
216 257 256
216 217 257
217 258 257
217 218 258
218 259 258
218 219 259
219 260 259
219 220 260
220 261 260
220 221 261
221 262 261
221 222 262
222 263 262
222 223 263
223 264 263
223 224 264
224 265 264
224 225 265
225 266 265
225 226 266
226 267 266
226 227 267
227 268 267
227 228 268
228 269 268
228 229 269
229 270 269
229 230 270
230 271 270
230 231 271
231 272 271
231 232 272
232 273 272
232 233 273
233 274 273
233 234 274
234 275 274
234 235 275
235 276 275
235 236 276
236 277 276
236 237 277
237 278 277
237 238 278
238 279 278
238 239 279
240 281 280
240 241 281
241 282 281
241 242 282
242 283 282
242 243 283
243 284 283
243 244 284
244 285 284
244 245 285
245 286 285
245 246 286
246 287 286
246 247 287
247 288 287
247 248 288
248 289 288
248 249 289
249 290 289
249 250 290
250 291 290
250 251 291
251 292 291
251 252 292
252 293 292
252 253 293
253 294 293
253 254 294
254 295 294
254 255 295
255 296 295
255 256 296
256 297 296
256 257 297
257 298 297
257 258 298
258 299 298
258 259 299
259 300 299
259 260 300
260 301 300
260 261 301
261 302 301
261 262 302
262 303 302
262 263 303
263 304 303
263 264 304
264 305 304
264 265 305
265 306 305
265 266 306
266 307 306
266 267 307
267 308 307
267 268 308
268 309 308
268 269 309
269 310 309
269 270 310
270 311 310
270 271 311
271 312 311
271 272 312
272 313 312
272 273 313
273 314 313
273 274 314
274 315 314
274 275 315
275 316 315
275 276 316
276 317 316
276 277 317
277 318 317
277 278 318
278 319 318
278 279 319
280 321 320
280 281 321
281 322 321
281 282 322
282 323 322
282 283 323
283 324 323
283 284 324
284 325 324
284 285 325
285 326 325
285 286 326
286 327 326
286 287 327
287 328 327
287 288 328
288 329 328
288 289 329
289 330 329
289 290 330
290 331 330
290 291 331
291 332 331
291 292 332
292 333 332
292 293 333
293 334 333
293 294 334
294 335 334
294 295 335
295 336 335
295 296 336
296 337 336
296 297 337
297 338 337
297 298 338
298 339 338
298 299 339
299 340 339
299 300 340
300 341 340
300 301 341
301 342 341
301 302 342
302 343 342
302 303 343
303 344 343
303 304 344
304 345 344
304 305 345
305 346 345
305 306 346
306 347 346
306 307 347
307 348 347
307 308 348
308 349 348
308 309 349
309 350 349
309 310 350
310 351 350
310 311 351
311 352 351
311 312 352
312 353 352
312 313 353
313 354 353
313 314 354
314 355 354
314 315 355
315 356 355
315 316 356
316 357 356
316 317 357
317 358 357
317 318 358
318 359 358
318 319 359
320 361 360
320 321 361
321 362 361
321 322 362
322 363 362
322 323 363
323 364 363
323 324 364
324 365 364
324 325 365
325 366 365
325 326 366
326 367 366
326 327 367
327 368 367
327 328 368
328 369 368
328 329 369
329 370 369
329 330 370
330 371 370
330 331 371
331 372 371
331 332 372
332 373 372
332 333 373
333 374 373
333 334 374
334 375 374
334 335 375
335 376 375
335 336 376
336 377 376
336 337 377
337 378 377
337 338 378
338 379 378
338 339 379
339 380 379
339 340 380
340 381 380
340 341 381
341 382 381
341 342 382
342 383 382
342 343 383
343 384 383
343 344 384
344 385 384
344 345 385
345 386 385
345 346 386
346 387 386
346 347 387
347 388 387
347 348 388
348 389 388
348 349 389
349 390 389
349 350 390
350 391 390
350 351 391
351 392 391
351 352 392
352 393 392
352 353 393
353 394 393
353 354 394
354 395 394
354 355 395
355 396 395
355 356 396
356 397 396
356 357 397
357 398 397
357 358 398
358 399 398
358 359 399
360 401 400
360 361 401
361 402 401
361 362 402
362 403 402
362 363 403
363 404 403
363 364 404
364 405 404
364 365 405
365 406 405
365 366 406
366 407 406
366 367 407
367 408 407
367 368 408
368 409 408
368 369 409
369 410 409
369 370 410
370 411 410
370 371 411
371 412 411
371 372 412
372 413 412
372 373 413
373 414 413
373 374 414
374 415 414
374 375 415
375 416 415
375 376 416
376 417 416
376 377 417
377 418 417
377 378 418
378 419 418
378 379 419
379 420 419
379 380 420
380 421 420
380 381 421
381 422 421
381 382 422
382 423 422
382 383 423
383 424 423
383 384 424
384 425 424
384 385 425
385 426 425
385 386 426
386 427 426
386 387 427
387 428 427
387 388 428
388 429 428
388 389 429
389 430 429
389 390 430
390 431 430
390 391 431
391 432 431
391 392 432
392 433 432
392 393 433
393 434 433
393 394 434
394 435 434
394 395 435
395 436 435
395 396 436
396 437 436
396 397 437
397 438 437
397 398 438
398 439 438
398 399 439
400 441 440
400 401 441
401 442 441
401 402 442
402 443 442
402 403 443
403 444 443
403 404 444
404 445 444
404 405 445
405 446 445
405 406 446
406 447 446
406 407 447
407 448 447
407 408 448
408 449 448
408 409 449
409 450 449
409 410 450
410 451 450
410 411 451
411 452 451
411 412 452
412 453 452
412 413 453
413 454 453
413 414 454
414 455 454
414 415 455
415 456 455
415 416 456
416 457 456
416 417 457
417 458 457
417 418 458
418 459 458
418 419 459
419 460 459
419 420 460
420 461 460
420 421 461
421 462 461
421 422 462
422 463 462
422 423 463
423 464 463
423 424 464
424 465 464
424 425 465
425 466 465
425 426 466
426 467 466
426 427 467
427 468 467
427 428 468
428 469 468
428 429 469
429 470 469
429 430 470
430 471 470
430 431 471
431 472 471
431 432 472
432 473 472
432 433 473
433 474 473
433 434 474
434 475 474
434 435 475
435 476 475
435 436 476
436 477 476
436 437 477
437 478 477
437 438 478
438 479 478
438 439 479
440 481 480
440 441 481
441 482 481
441 442 482
442 483 482
442 443 483
443 484 483
443 444 484
444 485 484
444 445 485
445 486 485
445 446 486
446 487 486
446 447 487
447 488 487
447 448 488
448 489 488
448 449 489
449 490 489
449 450 490
450 491 490
450 451 491
451 492 491
451 452 492
452 493 492
452 453 493
453 494 493
453 454 494
454 495 494
454 455 495
455 496 495
455 456 496
456 497 496
456 457 497
457 498 497
457 458 498
458 499 498
458 459 499
459 500 499
459 460 500
460 501 500
460 461 501
461 502 501
461 462 502
462 503 502
462 463 503
463 504 503
463 464 504
464 505 504
464 465 505
465 506 505
465 466 506
466 507 506
466 467 507
467 508 507
467 468 508
468 509 508
468 469 509
469 510 509
469 470 510
470 511 510
470 471 511
471 512 511
471 472 512
472 513 512
472 473 513
473 514 513
473 474 514
474 515 514
474 475 515
475 516 515
475 476 516
476 517 516
476 477 517
477 518 517
477 478 518
478 519 518
478 479 519
480 521 520
480 481 521
481 522 521
481 482 522
482 523 522
482 483 523
483 524 523
483 484 524
484 525 524
484 485 525
485 526 525
485 486 526
486 527 526
486 487 527
487 528 527
487 488 528
488 529 528
488 489 529
489 530 529
489 490 530
490 531 530
490 491 531
491 532 531
491 492 532
492 533 532
492 493 533
493 534 533
493 494 534
494 535 534
494 495 535
495 536 535
495 496 536
496 537 536
496 497 537
497 538 537
497 498 538
498 539 538
498 499 539
499 540 539
499 500 540
500 541 540
500 501 541
501 542 541
501 502 542
502 543 542
502 503 543
503 544 543
503 504 544
504 545 544
504 505 545
505 546 545
505 506 546
506 547 546
506 507 547
507 548 547
507 508 548
508 549 548
508 509 549
509 550 549
509 510 550
510 551 550
510 511 551
511 552 551
511 512 552
512 553 552
512 513 553
513 554 553
513 514 554
514 555 554
514 515 555
515 556 555
515 516 556
516 557 556
516 517 557
517 558 557
517 518 558
518 559 558
518 519 559
520 561 560
520 521 561
521 562 561
521 522 562
522 563 562
522 523 563
523 564 563
523 524 564
524 565 564
524 525 565
525 566 565
525 526 566
526 567 566
526 527 567
527 568 567
527 528 568
528 569 568
528 529 569
529 570 569
529 530 570
530 571 570
530 531 571
531 572 571
531 532 572
532 573 572
532 533 573
533 574 573
533 534 574
534 575 574
534 535 575
535 576 575
535 536 576
536 577 576
536 537 577
537 578 577
537 538 578
538 579 578
538 539 579
539 580 579
539 540 580
540 581 580
540 541 581
541 582 581
541 542 582
542 583 582
542 543 583
543 584 583
543 544 584
544 585 584
544 545 585
545 586 585
545 546 586
546 587 586
546 547 587
547 588 587
547 548 588
548 589 588
548 549 589
549 590 589
549 550 590
550 591 590
550 551 591
551 592 591
551 552 592
552 593 592
552 553 593
553 594 593
553 554 594
554 595 594
554 555 595
555 596 595
555 556 596
556 597 596
556 557 597
557 598 597
557 558 598
558 599 598
558 559 599
560 601 600
560 561 601
561 602 601
561 562 602
562 603 602
562 563 603
563 604 603
563 564 604
564 605 604
564 565 605
565 606 605
565 566 606
566 607 606
566 567 607
567 608 607
567 568 608
568 609 608
568 569 609
569 610 609
569 570 610
570 611 610
570 571 611
571 612 611
571 572 612
572 613 612
572 573 613
573 614 613
573 574 614
574 615 614
574 575 615
575 616 615
575 576 616
576 617 616
576 577 617
577 618 617
577 578 618
578 619 618
578 579 619
579 620 619
579 580 620
580 621 620
580 581 621
581 622 621
581 582 622
582 623 622
582 583 623
583 624 623
583 584 624
584 625 624
584 585 625
585 626 625
585 586 626
586 627 626
586 587 627
587 628 627
587 588 628
588 629 628
588 589 629
589 630 629
589 590 630
590 631 630
590 591 631
591 632 631
591 592 632
592 633 632
592 593 633
593 634 633
593 594 634
594 635 634
594 595 635
595 636 635
595 596 636
596 637 636
596 597 637
597 638 637
597 598 638
598 639 638
598 599 639
600 641 640
600 601 641
601 642 641
601 602 642
602 643 642
602 603 643
603 644 643
603 604 644
604 645 644
604 605 645
605 646 645
605 606 646
606 647 646
606 607 647
607 648 647
607 608 648
608 649 648
608 609 649
609 650 649
609 610 650
610 651 650
610 611 651
611 652 651
611 612 652
612 653 652
612 613 653
613 654 653
613 614 654
614 655 654
614 615 655
615 656 655
615 616 656
616 657 656
616 617 657
617 658 657
617 618 658
618 659 658
618 619 659
619 660 659
619 620 660
620 661 660
620 621 661
621 662 661
621 622 662
622 663 662
622 623 663
623 664 663
623 624 664
624 665 664
624 625 665
625 666 665
625 626 666
626 667 666
626 627 667
627 668 667
627 628 668
628 669 668
628 629 669
629 670 669
629 630 670
630 671 670
630 631 671
631 672 671
631 632 672
632 673 672
632 633 673
633 674 673
633 634 674
634 675 674
634 635 675
635 676 675
635 636 676
636 677 676
636 637 677
637 678 677
637 638 678
638 679 678
638 639 679
640 681 680
640 641 681
641 682 681
641 642 682
642 683 682
642 643 683
643 684 683
643 644 684
644 685 684
644 645 685
645 686 685
645 646 686
646 687 686
646 647 687
647 688 687
647 648 688
648 689 688
648 649 689
649 690 689
649 650 690
650 691 690
650 651 691
651 692 691
651 652 692
652 693 692
652 653 693
653 694 693
653 654 694
654 695 694
654 655 695
655 696 695
655 656 696
656 697 696
656 657 697
657 698 697
657 658 698
658 699 698
658 659 699
659 700 699
659 660 700
660 701 700
660 661 701
661 702 701
661 662 702
662 703 702
662 663 703
663 704 703
663 664 704
664 705 704
664 665 705
665 706 705
665 666 706
666 707 706
666 667 707
667 708 707
667 668 708
668 709 708
668 669 709
669 710 709
669 670 710
670 711 710
670 671 711
671 712 711
671 672 712
672 713 712
672 673 713
673 714 713
673 674 714
674 715 714
674 675 715
675 716 715
675 676 716
676 717 716
676 677 717
677 718 717
677 678 718
678 719 718
678 679 719
680 721 720
680 681 721
681 722 721
681 682 722
682 723 722
682 683 723
683 724 723
683 684 724
684 725 724
684 685 725
685 726 725
685 686 726
686 727 726
686 687 727
687 728 727
687 688 728
688 729 728
688 689 729
689 730 729
689 690 730
690 731 730
690 691 731
691 732 731
691 692 732
692 733 732
692 693 733
693 734 733
693 694 734
694 735 734
694 695 735
695 736 735
695 696 736
696 737 736
696 697 737
697 738 737
697 698 738
698 739 738
698 699 739
699 740 739
699 700 740
700 741 740
700 701 741
701 742 741
701 702 742
702 743 742
702 703 743
703 744 743
703 704 744
704 745 744
704 705 745
705 746 745
705 706 746
706 747 746
706 707 747
707 748 747
707 708 748
708 749 748
708 709 749
709 750 749
709 710 750
710 751 750
710 711 751
711 752 751
711 712 752
712 753 752
712 713 753
713 754 753
713 714 754
714 755 754
714 715 755
715 756 755
715 716 756
716 757 756
716 717 757
717 758 757
717 718 758
718 759 758
718 719 759
720 761 760
720 721 761
721 762 761
721 722 762
722 763 762
722 723 763
723 764 763
723 724 764
724 765 764
724 725 765
725 766 765
725 726 766
726 767 766
726 727 767
727 768 767
727 728 768
728 769 768
728 729 769
729 770 769
729 730 770
730 771 770
730 731 771
731 772 771
731 732 772
732 773 772
732 733 773
733 774 773
733 734 774
734 775 774
734 735 775
735 776 775
735 736 776
736 777 776
736 737 777
737 778 777
737 738 778
738 779 778
738 739 779
739 780 779
739 740 780
740 781 780
740 741 781
741 782 781
741 742 782
742 783 782
742 743 783
743 784 783
743 744 784
744 785 784
744 745 785
745 786 785
745 746 786
746 787 786
746 747 787
747 788 787
747 748 788
748 789 788
748 749 789
749 790 789
749 750 790
750 791 790
750 751 791
751 792 791
751 752 792
752 793 792
752 753 793
753 794 793
753 754 794
754 795 794
754 755 795
755 796 795
755 756 796
756 797 796
756 757 797
757 798 797
757 758 798
758 799 798
758 759 799
760 801 800
760 761 801
761 802 801
761 762 802
762 803 802
762 763 803
763 804 803
763 764 804
764 805 804
764 765 805
765 806 805
765 766 806
766 807 806
766 767 807
767 808 807
767 768 808
768 809 808
768 769 809
769 810 809
769 770 810
770 811 810
770 771 811
771 812 811
771 772 812
772 813 812
772 773 813
773 814 813
773 774 814
774 815 814
774 775 815
775 816 815
775 776 816
776 817 816
776 777 817
777 818 817
777 778 818
778 819 818
778 779 819
779 820 819
779 780 820
780 821 820
780 781 821
781 822 821
781 782 822
782 823 822
782 783 823
783 824 823
783 784 824
784 825 824
784 785 825
785 826 825
785 786 826
786 827 826
786 787 827
787 828 827
787 788 828
788 829 828
788 789 829
789 830 829
789 790 830
790 831 830
790 791 831
791 832 831
791 792 832
792 833 832
792 793 833
793 834 833
793 794 834
794 835 834
794 795 835
795 836 835
795 796 836
796 837 836
796 797 837
797 838 837
797 798 838
798 839 838
798 799 839
800 841 840
800 801 841
801 842 841
801 802 842
802 843 842
802 803 843
803 844 843
803 804 844
804 845 844
804 805 845
805 846 845
805 806 846
806 847 846
806 807 847
807 848 847
807 808 848
808 849 848
808 809 849
809 850 849
809 810 850
810 851 850
810 811 851
811 852 851
811 812 852
812 853 852
812 813 853
813 854 853
813 814 854
814 855 854
814 815 855
815 856 855
815 816 856
816 857 856
816 817 857
817 858 857
817 818 858
818 859 858
818 819 859
819 860 859
819 820 860
820 861 860
820 821 861
821 862 861
821 822 862
822 863 862
822 823 863
823 864 863
823 824 864
824 865 864
824 825 865
825 866 865
825 826 866
826 867 866
826 827 867
827 868 867
827 828 868
828 869 868
828 829 869
829 870 869
829 830 870
830 871 870
830 831 871
831 872 871
831 832 872
832 873 872
832 833 873
833 874 873
833 834 874
834 875 874
834 835 875
835 876 875
835 836 876
836 877 876
836 837 877
837 878 877
837 838 878
838 879 878
838 839 879
840 881 880
840 841 881
841 882 881
841 842 882
842 883 882
842 843 883
843 884 883
843 844 884
844 885 884
844 845 885
845 886 885
845 846 886
846 887 886
846 847 887
847 888 887
847 848 888
848 889 888
848 849 889
849 890 889
849 850 890
850 891 890
850 851 891
851 892 891
851 852 892
852 893 892
852 853 893
853 894 893
853 854 894
854 895 894
854 855 895
855 896 895
855 856 896
856 897 896
856 857 897
857 898 897
857 858 898
858 899 898
858 859 899
859 900 899
859 860 900
860 901 900
860 861 901
861 902 901
861 862 902
862 903 902
862 863 903
863 904 903
863 864 904
864 905 904
864 865 905
865 906 905
865 866 906
866 907 906
866 867 907
867 908 907
867 868 908
868 909 908
868 869 909
869 910 909
869 870 910
870 911 910
870 871 911
871 912 911
871 872 912
872 913 912
872 873 913
873 914 913
873 874 914
874 915 914
874 875 915
875 916 915
875 876 916
876 917 916
876 877 917
877 918 917
877 878 918
878 919 918
878 879 919
880 921 920
880 881 921
881 922 921
881 882 922
882 923 922
882 883 923
883 924 923
883 884 924
884 925 924
884 885 925
885 926 925
885 886 926
886 927 926
886 887 927
887 928 927
887 888 928
888 929 928
888 889 929
889 930 929
889 890 930
890 931 930
890 891 931
891 932 931
891 892 932
892 933 932
892 893 933
893 934 933
893 894 934
894 935 934
894 895 935
895 936 935
895 896 936
896 937 936
896 897 937
897 938 937
897 898 938
898 939 938
898 899 939
899 940 939
899 900 940
900 941 940
900 901 941
901 942 941
901 902 942
902 943 942
902 903 943
903 944 943
903 904 944
904 945 944
904 905 945
905 946 945
905 906 946
906 947 946
906 907 947
907 948 947
907 908 948
908 949 948
908 909 949
909 950 949
909 910 950
910 951 950
910 911 951
911 952 951
911 912 952
912 953 952
912 913 953
913 954 953
913 914 954
914 955 954
914 915 955
915 956 955
915 916 956
916 957 956
916 917 957
917 958 957
917 918 958
918 959 958
918 919 959
920 961 960
920 921 961
921 962 961
921 922 962
922 963 962
922 923 963
923 964 963
923 924 964
924 965 964
924 925 965
925 966 965
925 926 966
926 967 966
926 927 967
927 968 967
927 928 968
928 969 968
928 929 969
929 970 969
929 930 970
930 971 970
930 931 971
931 972 971
931 932 972
932 973 972
932 933 973
933 974 973
933 934 974
934 975 974
934 935 975
935 976 975
935 936 976
936 977 976
936 937 977
937 978 977
937 938 978
938 979 978
938 939 979
939 980 979
939 940 980
940 981 980
940 941 981
941 982 981
941 942 982
942 983 982
942 943 983
943 984 983
943 944 984
944 985 984
944 945 985
945 986 985
945 946 986
946 987 986
946 947 987
947 988 987
947 948 988
948 989 988
948 949 989
949 990 989
949 950 990
950 991 990
950 951 991
951 992 991
951 952 992
952 993 992
952 953 993
953 994 993
953 954 994
954 995 994
954 955 995
955 996 995
955 956 996
956 997 996
956 957 997
957 998 997
957 958 998
958 999 998
958 959 999
960 1001 1000
960 961 1001
961 1002 1001
961 962 1002
962 1003 1002
962 963 1003
963 1004 1003
963 964 1004
964 1005 1004
964 965 1005
965 1006 1005
965 966 1006
966 1007 1006
966 967 1007
967 1008 1007
967 968 1008
968 1009 1008
968 969 1009
969 1010 1009
969 970 1010
970 1011 1010
970 971 1011
971 1012 1011
971 972 1012
972 1013 1012
972 973 1013
973 1014 1013
973 974 1014
974 1015 1014
974 975 1015
975 1016 1015
975 976 1016
976 1017 1016
976 977 1017
977 1018 1017
977 978 1018
978 1019 1018
978 979 1019
979 1020 1019
979 980 1020
980 1021 1020
980 981 1021
981 1022 1021
981 982 1022
982 1023 1022
982 983 1023
983 1024 1023
983 984 1024
984 1025 1024
984 985 1025
985 1026 1025
985 986 1026
986 1027 1026
986 987 1027
987 1028 1027
987 988 1028
988 1029 1028
988 989 1029
989 1030 1029
989 990 1030
990 1031 1030
990 991 1031
991 1032 1031
991 992 1032
992 1033 1032
992 993 1033
993 1034 1033
993 994 1034
994 1035 1034
994 995 1035
995 1036 1035
995 996 1036
996 1037 1036
996 997 1037
997 1038 1037
997 998 1038
998 1039 1038
998 999 1039
1000 1041 1040
1000 1001 1041
1001 1042 1041
1001 1002 1042
1002 1043 1042
1002 1003 1043
1003 1044 1043
1003 1004 1044
1004 1045 1044
1004 1005 1045
1005 1046 1045
1005 1006 1046
1006 1047 1046
1006 1007 1047
1007 1048 1047
1007 1008 1048
1008 1049 1048
1008 1009 1049
1009 1050 1049
1009 1010 1050
1010 1051 1050
1010 1011 1051
1011 1052 1051
1011 1012 1052
1012 1053 1052
1012 1013 1053
1013 1054 1053
1013 1014 1054
1014 1055 1054
1014 1015 1055
1015 1056 1055
1015 1016 1056
1016 1057 1056
1016 1017 1057
1017 1058 1057
1017 1018 1058
1018 1059 1058
1018 1019 1059
1019 1060 1059
1019 1020 1060
1020 1061 1060
1020 1021 1061
1021 1062 1061
1021 1022 1062
1022 1063 1062
1022 1023 1063
1023 1064 1063
1023 1024 1064
1024 1065 1064
1024 1025 1065
1025 1066 1065
1025 1026 1066
1026 1067 1066
1026 1027 1067
1027 1068 1067
1027 1028 1068
1028 1069 1068
1028 1029 1069
1029 1070 1069
1029 1030 1070
1030 1071 1070
1030 1031 1071
1031 1072 1071
1031 1032 1072
1032 1073 1072
1032 1033 1073
1033 1074 1073
1033 1034 1074
1034 1075 1074
1034 1035 1075
1035 1076 1075
1035 1036 1076
1036 1077 1076
1036 1037 1077
1037 1078 1077
1037 1038 1078
1038 1079 1078
1038 1039 1079
1040 1081 1080
1040 1041 1081
1041 1082 1081
1041 1042 1082
1042 1083 1082
1042 1043 1083
1043 1084 1083
1043 1044 1084
1044 1085 1084
1044 1045 1085
1045 1086 1085
1045 1046 1086
1046 1087 1086
1046 1047 1087
1047 1088 1087
1047 1048 1088
1048 1089 1088
1048 1049 1089
1049 1090 1089
1049 1050 1090
1050 1091 1090
1050 1051 1091
1051 1092 1091
1051 1052 1092
1052 1093 1092
1052 1053 1093
1053 1094 1093
1053 1054 1094
1054 1095 1094
1054 1055 1095
1055 1096 1095
1055 1056 1096
1056 1097 1096
1056 1057 1097
1057 1098 1097
1057 1058 1098
1058 1099 1098
1058 1059 1099
1059 1100 1099
1059 1060 1100
1060 1101 1100
1060 1061 1101
1061 1102 1101
1061 1062 1102
1062 1103 1102
1062 1063 1103
1063 1104 1103
1063 1064 1104
1064 1105 1104
1064 1065 1105
1065 1106 1105
1065 1066 1106
1066 1107 1106
1066 1067 1107
1067 1108 1107
1067 1068 1108
1068 1109 1108
1068 1069 1109
1069 1110 1109
1069 1070 1110
1070 1111 1110
1070 1071 1111
1071 1112 1111
1071 1072 1112
1072 1113 1112
1072 1073 1113
1073 1114 1113
1073 1074 1114
1074 1115 1114
1074 1075 1115
1075 1116 1115
1075 1076 1116
1076 1117 1116
1076 1077 1117
1077 1118 1117
1077 1078 1118
1078 1119 1118
1078 1079 1119
1080 1121 1120
1080 1081 1121
1081 1122 1121
1081 1082 1122
1082 1123 1122
1082 1083 1123
1083 1124 1123
1083 1084 1124
1084 1125 1124
1084 1085 1125
1085 1126 1125
1085 1086 1126
1086 1127 1126
1086 1087 1127
1087 1128 1127
1087 1088 1128
1088 1129 1128
1088 1089 1129
1089 1130 1129
1089 1090 1130
1090 1131 1130
1090 1091 1131
1091 1132 1131
1091 1092 1132
1092 1133 1132
1092 1093 1133
1093 1134 1133
1093 1094 1134
1094 1135 1134
1094 1095 1135
1095 1136 1135
1095 1096 1136
1096 1137 1136
1096 1097 1137
1097 1138 1137
1097 1098 1138
1098 1139 1138
1098 1099 1139
1099 1140 1139
1099 1100 1140
1100 1141 1140
1100 1101 1141
1101 1142 1141
1101 1102 1142
1102 1143 1142
1102 1103 1143
1103 1144 1143
1103 1104 1144
1104 1145 1144
1104 1105 1145
1105 1146 1145
1105 1106 1146
1106 1147 1146
1106 1107 1147
1107 1148 1147
1107 1108 1148
1108 1149 1148
1108 1109 1149
1109 1150 1149
1109 1110 1150
1110 1151 1150
1110 1111 1151
1111 1152 1151
1111 1112 1152
1112 1153 1152
1112 1113 1153
1113 1154 1153
1113 1114 1154
1114 1155 1154
1114 1115 1155
1115 1156 1155
1115 1116 1156
1116 1157 1156
1116 1117 1157
1117 1158 1157
1117 1118 1158
1118 1159 1158
1118 1119 1159
1120 1161 1160
1120 1121 1161
1121 1162 1161
1121 1122 1162
1122 1163 1162
1122 1123 1163
1123 1164 1163
1123 1124 1164
1124 1165 1164
1124 1125 1165
1125 1166 1165
1125 1126 1166
1126 1167 1166
1126 1127 1167
1127 1168 1167
1127 1128 1168
1128 1169 1168
1128 1129 1169
1129 1170 1169
1129 1130 1170
1130 1171 1170
1130 1131 1171
1131 1172 1171
1131 1132 1172
1132 1173 1172
1132 1133 1173
1133 1174 1173
1133 1134 1174
1134 1175 1174
1134 1135 1175
1135 1176 1175
1135 1136 1176
1136 1177 1176
1136 1137 1177
1137 1178 1177
1137 1138 1178
1138 1179 1178
1138 1139 1179
1139 1180 1179
1139 1140 1180
1140 1181 1180
1140 1141 1181
1141 1182 1181
1141 1142 1182
1142 1183 1182
1142 1143 1183
1143 1184 1183
1143 1144 1184
1144 1185 1184
1144 1145 1185
1145 1186 1185
1145 1146 1186
1146 1187 1186
1146 1147 1187
1147 1188 1187
1147 1148 1188
1148 1189 1188
1148 1149 1189
1149 1190 1189
1149 1150 1190
1150 1191 1190
1150 1151 1191
1151 1192 1191
1151 1152 1192
1152 1193 1192
1152 1153 1193
1153 1194 1193
1153 1154 1194
1154 1195 1194
1154 1155 1195
1155 1196 1195
1155 1156 1196
1156 1197 1196
1156 1157 1197
1157 1198 1197
1157 1158 1198
1158 1199 1198
1158 1159 1199
1160 1201 1200
1160 1161 1201
1161 1202 1201
1161 1162 1202
1162 1203 1202
1162 1163 1203
1163 1204 1203
1163 1164 1204
1164 1205 1204
1164 1165 1205
1165 1206 1205
1165 1166 1206
1166 1207 1206
1166 1167 1207
1167 1208 1207
1167 1168 1208
1168 1209 1208
1168 1169 1209
1169 1210 1209
1169 1170 1210
1170 1211 1210
1170 1171 1211
1171 1212 1211
1171 1172 1212
1172 1213 1212
1172 1173 1213
1173 1214 1213
1173 1174 1214
1174 1215 1214
1174 1175 1215
1175 1216 1215
1175 1176 1216
1176 1217 1216
1176 1177 1217
1177 1218 1217
1177 1178 1218
1178 1219 1218
1178 1179 1219
1179 1220 1219
1179 1180 1220
1180 1221 1220
1180 1181 1221
1181 1222 1221
1181 1182 1222
1182 1223 1222
1182 1183 1223
1183 1224 1223
1183 1184 1224
1184 1225 1224
1184 1185 1225
1185 1226 1225
1185 1186 1226
1186 1227 1226
1186 1187 1227
1187 1228 1227
1187 1188 1228
1188 1229 1228
1188 1189 1229
1189 1230 1229
1189 1190 1230
1190 1231 1230
1190 1191 1231
1191 1232 1231
1191 1192 1232
1192 1233 1232
1192 1193 1233
1193 1234 1233
1193 1194 1234
1194 1235 1234
1194 1195 1235
1195 1236 1235
1195 1196 1236
1196 1237 1236
1196 1197 1237
1197 1238 1237
1197 1198 1238
1198 1239 1238
1198 1199 1239
1200 1241 1240
1200 1201 1241
1201 1242 1241
1201 1202 1242
1202 1243 1242
1202 1203 1243
1203 1244 1243
1203 1204 1244
1204 1245 1244
1204 1205 1245
1205 1246 1245
1205 1206 1246
1206 1247 1246
1206 1207 1247
1207 1248 1247
1207 1208 1248
1208 1249 1248
1208 1209 1249
1209 1250 1249
1209 1210 1250
1210 1251 1250
1210 1211 1251
1211 1252 1251
1211 1212 1252
1212 1253 1252
1212 1213 1253
1213 1254 1253
1213 1214 1254
1214 1255 1254
1214 1215 1255
1215 1256 1255
1215 1216 1256
1216 1257 1256
1216 1217 1257
1217 1258 1257
1217 1218 1258
1218 1259 1258
1218 1219 1259
1219 1260 1259
1219 1220 1260
1220 1261 1260
1220 1221 1261
1221 1262 1261
1221 1222 1262
1222 1263 1262
1222 1223 1263
1223 1264 1263
1223 1224 1264
1224 1265 1264
1224 1225 1265
1225 1266 1265
1225 1226 1266
1226 1267 1266
1226 1227 1267
1227 1268 1267
1227 1228 1268
1228 1269 1268
1228 1229 1269
1229 1270 1269
1229 1230 1270
1230 1271 1270
1230 1231 1271
1231 1272 1271
1231 1232 1272
1232 1273 1272
1232 1233 1273
1233 1274 1273
1233 1234 1274
1234 1275 1274
1234 1235 1275
1235 1276 1275
1235 1236 1276
1236 1277 1276
1236 1237 1277
1237 1278 1277
1237 1238 1278
1238 1279 1278
1238 1239 1279
1240 1281 1280
1240 1241 1281
1241 1282 1281
1241 1242 1282
1242 1283 1282
1242 1243 1283
1243 1284 1283
1243 1244 1284
1244 1285 1284
1244 1245 1285
1245 1286 1285
1245 1246 1286
1246 1287 1286
1246 1247 1287
1247 1288 1287
1247 1248 1288
1248 1289 1288
1248 1249 1289
1249 1290 1289
1249 1250 1290
1250 1291 1290
1250 1251 1291
1251 1292 1291
1251 1252 1292
1252 1293 1292
1252 1253 1293
1253 1294 1293
1253 1254 1294
1254 1295 1294
1254 1255 1295
1255 1296 1295
1255 1256 1296
1256 1297 1296
1256 1257 1297
1257 1298 1297
1257 1258 1298
1258 1299 1298
1258 1259 1299
1259 1300 1299
1259 1260 1300
1260 1301 1300
1260 1261 1301
1261 1302 1301
1261 1262 1302
1262 1303 1302
1262 1263 1303
1263 1304 1303
1263 1264 1304
1264 1305 1304
1264 1265 1305
1265 1306 1305
1265 1266 1306
1266 1307 1306
1266 1267 1307
1267 1308 1307
1267 1268 1308
1268 1309 1308
1268 1269 1309
1269 1310 1309
1269 1270 1310
1270 1311 1310
1270 1271 1311
1271 1312 1311
1271 1272 1312
1272 1313 1312
1272 1273 1313
1273 1314 1313
1273 1274 1314
1274 1315 1314
1274 1275 1315
1275 1316 1315
1275 1276 1316
1276 1317 1316
1276 1277 1317
1277 1318 1317
1277 1278 1318
1278 1319 1318
1278 1279 1319
1280 1321 1320
1280 1281 1321
1281 1322 1321
1281 1282 1322
1282 1323 1322
1282 1283 1323
1283 1324 1323
1283 1284 1324
1284 1325 1324
1284 1285 1325
1285 1326 1325
1285 1286 1326
1286 1327 1326
1286 1287 1327
1287 1328 1327
1287 1288 1328
1288 1329 1328
1288 1289 1329
1289 1330 1329
1289 1290 1330
1290 1331 1330
1290 1291 1331
1291 1332 1331
1291 1292 1332
1292 1333 1332
1292 1293 1333
1293 1334 1333
1293 1294 1334
1294 1335 1334
1294 1295 1335
1295 1336 1335
1295 1296 1336
1296 1337 1336
1296 1297 1337
1297 1338 1337
1297 1298 1338
1298 1339 1338
1298 1299 1339
1299 1340 1339
1299 1300 1340
1300 1341 1340
1300 1301 1341
1301 1342 1341
1301 1302 1342
1302 1343 1342
1302 1303 1343
1303 1344 1343
1303 1304 1344
1304 1345 1344
1304 1305 1345
1305 1346 1345
1305 1306 1346
1306 1347 1346
1306 1307 1347
1307 1348 1347
1307 1308 1348
1308 1349 1348
1308 1309 1349
1309 1350 1349
1309 1310 1350
1310 1351 1350
1310 1311 1351
1311 1352 1351
1311 1312 1352
1312 1353 1352
1312 1313 1353
1313 1354 1353
1313 1314 1354
1314 1355 1354
1314 1315 1355
1315 1356 1355
1315 1316 1356
1316 1357 1356
1316 1317 1357
1317 1358 1357
1317 1318 1358
1318 1359 1358
1318 1319 1359
1320 1361 1360
1320 1321 1361
1321 1362 1361
1321 1322 1362
1322 1363 1362
1322 1323 1363
1323 1364 1363
1323 1324 1364
1324 1365 1364
1324 1325 1365
1325 1366 1365
1325 1326 1366
1326 1367 1366
1326 1327 1367
1327 1368 1367
1327 1328 1368
1328 1369 1368
1328 1329 1369
1329 1370 1369
1329 1330 1370
1330 1371 1370
1330 1331 1371
1331 1372 1371
1331 1332 1372
1332 1373 1372
1332 1333 1373
1333 1374 1373
1333 1334 1374
1334 1375 1374
1334 1335 1375
1335 1376 1375
1335 1336 1376
1336 1377 1376
1336 1337 1377
1337 1378 1377
1337 1338 1378
1338 1379 1378
1338 1339 1379
1339 1380 1379
1339 1340 1380
1340 1381 1380
1340 1341 1381
1341 1382 1381
1341 1342 1382
1342 1383 1382
1342 1343 1383
1343 1384 1383
1343 1344 1384
1344 1385 1384
1344 1345 1385
1345 1386 1385
1345 1346 1386
1346 1387 1386
1346 1347 1387
1347 1388 1387
1347 1348 1388
1348 1389 1388
1348 1349 1389
1349 1390 1389
1349 1350 1390
1350 1391 1390
1350 1351 1391
1351 1392 1391
1351 1352 1392
1352 1393 1392
1352 1353 1393
1353 1394 1393
1353 1354 1394
1354 1395 1394
1354 1355 1395
1355 1396 1395
1355 1356 1396
1356 1397 1396
1356 1357 1397
1357 1398 1397
1357 1358 1398
1358 1399 1398
1358 1359 1399
1360 1401 1400
1360 1361 1401
1361 1402 1401
1361 1362 1402
1362 1403 1402
1362 1363 1403
1363 1404 1403
1363 1364 1404
1364 1405 1404
1364 1365 1405
1365 1406 1405
1365 1366 1406
1366 1407 1406
1366 1367 1407
1367 1408 1407
1367 1368 1408
1368 1409 1408
1368 1369 1409
1369 1410 1409
1369 1370 1410
1370 1411 1410
1370 1371 1411
1371 1412 1411
1371 1372 1412
1372 1413 1412
1372 1373 1413
1373 1414 1413
1373 1374 1414
1374 1415 1414
1374 1375 1415
1375 1416 1415
1375 1376 1416
1376 1417 1416
1376 1377 1417
1377 1418 1417
1377 1378 1418
1378 1419 1418
1378 1379 1419
1379 1420 1419
1379 1380 1420
1380 1421 1420
1380 1381 1421
1381 1422 1421
1381 1382 1422
1382 1423 1422
1382 1383 1423
1383 1424 1423
1383 1384 1424
1384 1425 1424
1384 1385 1425
1385 1426 1425
1385 1386 1426
1386 1427 1426
1386 1387 1427
1387 1428 1427
1387 1388 1428
1388 1429 1428
1388 1389 1429
1389 1430 1429
1389 1390 1430
1390 1431 1430
1390 1391 1431
1391 1432 1431
1391 1392 1432
1392 1433 1432
1392 1393 1433
1393 1434 1433
1393 1394 1434
1394 1435 1434
1394 1395 1435
1395 1436 1435
1395 1396 1436
1396 1437 1436
1396 1397 1437
1397 1438 1437
1397 1398 1438
1398 1439 1438
1398 1399 1439
1400 1441 1440
1400 1401 1441
1401 1442 1441
1401 1402 1442
1402 1443 1442
1402 1403 1443
1403 1444 1443
1403 1404 1444
1404 1445 1444
1404 1405 1445
1405 1446 1445
1405 1406 1446
1406 1447 1446
1406 1407 1447
1407 1448 1447
1407 1408 1448
1408 1449 1448
1408 1409 1449
1409 1450 1449
1409 1410 1450
1410 1451 1450
1410 1411 1451
1411 1452 1451
1411 1412 1452
1412 1453 1452
1412 1413 1453
1413 1454 1453
1413 1414 1454
1414 1455 1454
1414 1415 1455
1415 1456 1455
1415 1416 1456
1416 1457 1456
1416 1417 1457
1417 1458 1457
1417 1418 1458
1418 1459 1458
1418 1419 1459
1419 1460 1459
1419 1420 1460
1420 1461 1460
1420 1421 1461
1421 1462 1461
1421 1422 1462
1422 1463 1462
1422 1423 1463
1423 1464 1463
1423 1424 1464
1424 1465 1464
1424 1425 1465
1425 1466 1465
1425 1426 1466
1426 1467 1466
1426 1427 1467
1427 1468 1467
1427 1428 1468
1428 1469 1468
1428 1429 1469
1429 1470 1469
1429 1430 1470
1430 1471 1470
1430 1431 1471
1431 1472 1471
1431 1432 1472
1432 1473 1472
1432 1433 1473
1433 1474 1473
1433 1434 1474
1434 1475 1474
1434 1435 1475
1435 1476 1475
1435 1436 1476
1436 1477 1476
1436 1437 1477
1437 1478 1477
1437 1438 1478
1438 1479 1478
1438 1439 1479
1440 1481 1480
1440 1441 1481
1441 1482 1481
1441 1442 1482
1442 1483 1482
1442 1443 1483
1443 1484 1483
1443 1444 1484
1444 1485 1484
1444 1445 1485
1445 1486 1485
1445 1446 1486
1446 1487 1486
1446 1447 1487
1447 1488 1487
1447 1448 1488
1448 1489 1488
1448 1449 1489
1449 1490 1489
1449 1450 1490
1450 1491 1490
1450 1451 1491
1451 1492 1491
1451 1452 1492
1452 1493 1492
1452 1453 1493
1453 1494 1493
1453 1454 1494
1454 1495 1494
1454 1455 1495
1455 1496 1495
1455 1456 1496
1456 1497 1496
1456 1457 1497
1457 1498 1497
1457 1458 1498
1458 1499 1498
1458 1459 1499
1459 1500 1499
1459 1460 1500
1460 1501 1500
1460 1461 1501
1461 1502 1501
1461 1462 1502
1462 1503 1502
1462 1463 1503
1463 1504 1503
1463 1464 1504
1464 1505 1504
1464 1465 1505
1465 1506 1505
1465 1466 1506
1466 1507 1506
1466 1467 1507
1467 1508 1507
1467 1468 1508
1468 1509 1508
1468 1469 1509
1469 1510 1509
1469 1470 1510
1470 1511 1510
1470 1471 1511
1471 1512 1511
1471 1472 1512
1472 1513 1512
1472 1473 1513
1473 1514 1513
1473 1474 1514
1474 1515 1514
1474 1475 1515
1475 1516 1515
1475 1476 1516
1476 1517 1516
1476 1477 1517
1477 1518 1517
1477 1478 1518
1478 1519 1518
1478 1479 1519
1480 1521 1520
1480 1481 1521
1481 1522 1521
1481 1482 1522
1482 1523 1522
1482 1483 1523
1483 1524 1523
1483 1484 1524
1484 1525 1524
1484 1485 1525
1485 1526 1525
1485 1486 1526
1486 1527 1526
1486 1487 1527
1487 1528 1527
1487 1488 1528
1488 1529 1528
1488 1489 1529
1489 1530 1529
1489 1490 1530
1490 1531 1530
1490 1491 1531
1491 1532 1531
1491 1492 1532
1492 1533 1532
1492 1493 1533
1493 1534 1533
1493 1494 1534
1494 1535 1534
1494 1495 1535
1495 1536 1535
1495 1496 1536
1496 1537 1536
1496 1497 1537
1497 1538 1537
1497 1498 1538
1498 1539 1538
1498 1499 1539
1499 1540 1539
1499 1500 1540
1500 1541 1540
1500 1501 1541
1501 1542 1541
1501 1502 1542
1502 1543 1542
1502 1503 1543
1503 1544 1543
1503 1504 1544
1504 1545 1544
1504 1505 1545
1505 1546 1545
1505 1506 1546
1506 1547 1546
1506 1507 1547
1507 1548 1547
1507 1508 1548
1508 1549 1548
1508 1509 1549
1509 1550 1549
1509 1510 1550
1510 1551 1550
1510 1511 1551
1511 1552 1551
1511 1512 1552
1512 1553 1552
1512 1513 1553
1513 1554 1553
1513 1514 1554
1514 1555 1554
1514 1515 1555
1515 1556 1555
1515 1516 1556
1516 1557 1556
1516 1517 1557
1517 1558 1557
1517 1518 1558
1518 1559 1558
1518 1519 1559
1520 1561 1560
1520 1521 1561
1521 1562 1561
1521 1522 1562
1522 1563 1562
1522 1523 1563
1523 1564 1563
1523 1524 1564
1524 1565 1564
1524 1525 1565
1525 1566 1565
1525 1526 1566
1526 1567 1566
1526 1527 1567
1527 1568 1567
1527 1528 1568
1528 1569 1568
1528 1529 1569
1529 1570 1569
1529 1530 1570
1530 1571 1570
1530 1531 1571
1531 1572 1571
1531 1532 1572
1532 1573 1572
1532 1533 1573
1533 1574 1573
1533 1534 1574
1534 1575 1574
1534 1535 1575
1535 1576 1575
1535 1536 1576
1536 1577 1576
1536 1537 1577
1537 1578 1577
1537 1538 1578
1538 1579 1578
1538 1539 1579
1539 1580 1579
1539 1540 1580
1540 1581 1580
1540 1541 1581
1541 1582 1581
1541 1542 1582
1542 1583 1582
1542 1543 1583
1543 1584 1583
1543 1544 1584
1544 1585 1584
1544 1545 1585
1545 1586 1585
1545 1546 1586
1546 1587 1586
1546 1547 1587
1547 1588 1587
1547 1548 1588
1548 1589 1588
1548 1549 1589
1549 1590 1589
1549 1550 1590
1550 1591 1590
1550 1551 1591
1551 1592 1591
1551 1552 1592
1552 1593 1592
1552 1553 1593
1553 1594 1593
1553 1554 1594
1554 1595 1594
1554 1555 1595
1555 1596 1595
1555 1556 1596
1556 1597 1596
1556 1557 1597
1557 1598 1597
1557 1558 1598
1558 1599 1598
1558 1559 1599
